,.CSIH00928,.CSIH00929,.CSIH00930,.CSIH00931,.CSIH00932,.CSIH00933,.CSIH00934,.CSIH00935,.CSIH00936,.CSIH00937,gamma_op
2014-12-05,4.515570301870107e-07,4.933205977638959e-07,9.688043470785476e-07,1.876886530327251e-06,1.8499402378213865e-06,0.010264601271132252,2.8904547892254304e-05,0.9896975802477146,1.7628051873918126e-07,3.0971439990661444e-06,2
2014-12-12,4.898956149313569e-07,5.023690805778632e-07,9.81903831658124e-07,1.8963648234362384e-06,1.8802212635320093e-06,0.010258764295945877,3.3065630690055956e-05,0.9896990263266876,1.7896935167193845e-07,3.214022710763998e-06,2
2014-12-19,4.7300609550081373e-07,5.222684288858686e-07,1.0520732280849501e-06,1.9576005855927448e-06,1.926542229472562e-06,0.010229352992123818,3.2164225214962564e-05,0.9897289562023296,1.8100563719578005e-07,3.4140841269926094e-06,2
2014-12-26,4.994009500755483e-07,5.279311154997386e-07,1.1424378815520158e-06,1.9358793614539664e-06,1.9023574888941747e-06,0.010034900377760078,3.499320629250353e-05,0.9899202437439821,1.853955815225385e-07,3.6692695863000366e-06,2
2015-01-02,1.0466125079177323e-07,1.287656365678617e-07,3.065423014377394e-07,3.9000595627873533e-07,6.606385731979721e-07,0.007186437339740061,0.3983474471884533,0.5944629815632939,3.716391614071442e-07,1.1716556328753214e-06,2
2015-01-09,1.0466125079177325e-07,1.2876563656786175e-07,3.0654230143773945e-07,3.9000595627873544e-07,6.606385731979723e-07,0.007186437339740063,0.39834744718845333,0.594462981563294,3.7163916140714426e-07,1.1716556328753217e-06,2
2015-01-16,1.0845031266967001e-07,1.2914017996849505e-07,3.049898346039127e-07,3.9319361894456936e-07,6.666177249702722e-07,0.0072348092864369,0.40105702979346164,0.5917050496322928,3.659670928234044e-07,1.1429290446675213e-06,2
2015-01-23,1.0251308353692755e-07,1.211510244812578e-07,2.923068687138489e-07,3.81586874100708e-07,6.269429047058459e-07,0.007002326198624679,0.3890451977921157,0.6039495173914414,3.5357524163811604e-07,1.080541820947371e-06,2
2015-01-30,3.724905248777948e-08,4.141966864279967e-08,2.9409537006113313e-08,2.3245987828814646e-08,1.628609558638352e-07,1.240034213370253e-05,0.41574293649911137,0.5842442866193039,1.3075582940384948e-08,6.927866621934493e-08,2
2015-02-06,3.6559267731064084e-08,4.235016674141745e-08,2.9598187064102403e-08,2.3779444413762082e-08,1.6656026030931255e-07,1.2667650443182785e-05,0.4014131717045551,0.5985737773716672,1.3256893101077464e-08,7.116911512150316e-08,2
2015-02-13,3.4886558693733673e-08,4.079145384086769e-08,2.8169392761631136e-08,2.3485982805016623e-08,1.615761364186298e-07,1.2381614072083795e-05,0.3906366839363078,0.6093505663105823,1.3147486544277274e-08,6.608202670583606e-08,2
2015-02-20,3.3964063532107926e-08,4.0103454632749405e-08,2.7998122045121653e-08,2.3423398481834694e-08,1.6077499588632134e-07,1.2177294205607337e-05,0.3864858140768903,0.6135016433126883,1.3221485375976866e-08,6.583069583553775e-08,2
2015-02-27,4.576443001746267e-07,5.28726533617067e-07,8.873367859018536e-07,1.329412414095469e-06,1.495911692991973e-06,2.543578427826232e-06,0.25919559690122695,0.7407944383607946,6.832291604259665e-07,2.0388986634042947e-06,2
2015-03-06,4.584350390659464e-07,5.313109253158146e-07,9.084743297235257e-07,1.342113921102914e-06,1.484312466551911e-06,2.524986898226636e-06,0.2543591557475358,0.7456308282745888,7.021864850891466e-07,2.0641578104255584e-06,2
2015-03-13,4.581996369141911e-07,5.451104535823582e-07,9.111056103058998e-07,1.356097204195139e-06,1.5176122697670703e-06,2.600824409303463e-06,0.24520479432629835,0.7547850912018241,6.881171086851338e-07,2.037405184758722e-06,2
2015-03-20,4.540123369478501e-07,5.32030845348824e-07,8.992386604159751e-07,1.3507972148898262e-06,1.5021470574889056e-06,2.5553386336559827e-06,0.24794289218492688,0.7520471156227431,6.753000468242344e-07,2.0233275344582595e-06,2
2015-03-27,7.988874255151948e-07,9.638363319774512e-07,1.8468089148661164e-06,2.9080482594921937e-06,3.0055058211411463e-06,1.7027209939260175e-05,0.1941806842521473,0.8057871216869321,1.482056144346466e-06,4.1617080839986375e-06,2
2015-04-03,7.995197033201369e-07,9.665505003286746e-07,1.8986199578669892e-06,2.9532949808091813e-06,3.0330085849285677e-06,1.723453210886283e-05,0.1877656114661955,0.8122019142620389,1.4970036239781496e-06,4.091742305556549e-06,2
2015-04-10,7.671919534794551e-07,9.476727966795496e-07,1.871437675578296e-06,2.9100620774801367e-06,2.9357643441591653e-06,1.700576401105909e-05,0.18348850958892238,0.8164795962674867,1.48899687441329e-06,3.967253858253371e-06,2
2015-04-17,7.670894544995468e-07,9.356529007233022e-07,1.8809704703422592e-06,2.838784470051457e-06,2.9817460464014887e-06,1.720492199803812e-05,0.1897847969381142,0.8101831906773697,1.4862697240777878e-06,3.916949452180047e-06,2
2015-04-24,2.4997815031852627e-06,3.4779103941480287e-06,2.305159325393432e-05,2.7458366759677052e-05,3.513988473474554e-05,0.0006919757575564803,0.46505524222183797,0.5341245374142998,1.5243764537871884e-05,2.1373305122457885e-05,2
2015-05-01,2.5348248358190705e-06,3.6339218901852135e-06,2.3216714017605775e-05,2.8417261509660036e-05,3.5699991986643895e-05,0.0006883942447308598,0.4434133291812764,0.5557666675520602,1.619444062723836e-05,2.1911867065237782e-05,2
2015-05-08,2.534824835819071e-06,3.633921890185214e-06,2.3216714017605782e-05,2.8417261509660043e-05,3.56999919866439e-05,0.0006883942447308599,0.44341332918127646,0.5557666675520603,1.6194440627238365e-05,2.1911867065237786e-05,2
2015-05-15,2.328665942564947e-06,3.3601545824321933e-06,2.1859715025986315e-05,2.7657706748370716e-05,3.385463387571102e-05,0.0006733991098303923,0.4298446194566741,0.5693561318396132,1.5841252336033077e-05,2.094746537138942e-05,2
2015-05-22,1.0428954406038212e-06,1.2370011832556031e-06,5.368225190684195e-06,4.321987985517672e-06,2.522742119531274e-06,2.028032934532978e-06,0.07116017403169995,0.9288091710202268,2.8395764596372586e-07,1.385010557329678e-05,2
2015-05-29,1.0210885141730422e-06,1.2078936142597406e-06,5.354292471588783e-06,4.345409957233146e-06,2.509982712633579e-06,2.056103214533643e-06,0.06865808116061807,0.9313115317382538,2.872265544958973e-07,1.3605104089050107e-05,2
2015-06-05,9.77332539431349e-07,1.1837168233041097e-06,5.206931485288804e-06,4.215707458065532e-06,2.4236830973937502e-06,2.032575032265899e-06,0.06346791021115718,0.9365023641014705,2.978029880930208e-07,1.3387937948580623e-05,2
2015-06-12,1.018921609877958e-06,1.2240729825319376e-06,5.309192670514987e-06,4.2464728435169795e-06,2.395836122891389e-06,2.010661213904999e-06,0.06358500549619875,0.9363846440120397,2.9841368497631125e-07,1.3846920633449587e-05,2
2015-06-19,7.172685379756833e-07,8.524608232021052e-07,5.612207008150855e-06,6.439296212400864e-06,1.9017940437820416e-06,3.541920738427503e-06,0.0024506600202183447,0.9968033953812045,2.2487060420228706e-06,0.0007246309451711536,2
2015-06-26,7.420479220821688e-07,8.732539338191306e-07,5.637645290244843e-06,6.6419514424097945e-06,1.931047350756282e-06,3.6234395645711783e-06,0.0025295420331853426,0.996679029883083,2.217942648184332e-06,0.0007697607555797937,2
2015-07-03,8.100960838508183e-07,9.125824137997209e-07,5.9930632265568704e-06,6.8856682797045305e-06,2.103853371163044e-06,3.802263291032768e-06,0.0027354766042625264,0.9963970061458107,2.2729639994507613e-06,0.0008447367592613344,2
2015-07-10,8.342547001725855e-07,8.806327927641339e-07,5.7078074920639386e-06,7.026954949463117e-06,2.1528119027742014e-06,3.989478596098055e-06,0.0030240408313767816,0.996144631171585,2.17355596351943e-06,0.0008085625006413186,2
2015-07-17,2.8323081874242256e-07,3.1335985108073196e-07,7.994060083269785e-07,1.5653036893490617e-06,1.7015269123723929e-06,0.00898840723136821,0.36935517784195404,0.6216220957047339,4.115129157584483e-07,2.9244881748202766e-05,2
2015-07-24,2.7000122953489386e-07,3.1160758314516365e-07,8.029788748687862e-07,1.5538135486049622e-06,1.6779512001978572e-06,0.009212997625772457,0.3370344474801525,0.6537187450737504,4.538355206258084e-07,2.873963236767103e-05,2
2015-07-31,2.753370580450724e-07,3.165511357680527e-07,8.30088549341571e-07,1.5684869402525695e-06,1.6841358073020353e-06,0.009255169491298964,0.3248567955026724,0.665853633330443,5.059791685312523e-07,2.9221096926202128e-05,2
2015-08-07,2.681604336007844e-07,3.228508920016466e-07,8.31329755405365e-07,1.5957928526444074e-06,1.735773904761606e-06,0.009457865080716488,0.3263698808618441,0.6641367531561152,4.915900284193122e-07,3.0255403457409345e-05,2
2015-08-14,5.460220226192065e-07,6.319965397962003e-07,1.8631335300073424e-06,2.9923660898231166e-06,1.749114844666925e-06,2.691781447302982e-05,0.09270275705284009,0.6301117589778353,4.3895139084759835e-06,0.27714639400791624,2
2015-08-21,5.551364917273202e-07,6.360643329739331e-07,1.8819410061977183e-06,3.051894951735784e-06,1.748953906701551e-06,2.645031114855545e-05,0.0904152926894446,0.6288916448710515,4.436823258595709e-06,0.2806543013144073,2
2015-08-28,5.453121116752015e-07,6.500667801750135e-07,1.852919069456982e-06,3.025746365714621e-06,1.7813900487205806e-06,2.7065743757331543e-05,0.09092921279519306,0.6262730059277565,4.431648996714507e-06,0.2827584284499207,2
2015-09-04,5.375442787831187e-07,6.471488469458081e-07,1.884552838412426e-06,3.1534042424464826e-06,1.895019597302806e-06,2.8124950061667447e-05,0.09662836243425367,0.613746106522554,4.359858260283872e-06,0.28958492856506646,2
2015-09-11,1.1462834921473212e-07,1.3745736936301185e-07,3.1249469482617264e-07,1.0316833090072067e-06,7.287636440707725e-07,2.3126158211198098e-05,0.20584793977595867,0.2931213818837198,2.4359983481985034e-06,0.5010027911563958,2
2015-09-18,1.1421094267658265e-07,1.3400232996750982e-07,3.069731302692534e-07,9.942796248393558e-07,6.909221568839551e-07,2.2668908593116638e-05,0.2090172261772927,0.2853635450639865,2.31731425933647e-06,0.5055920021476837,2
2015-09-25,1.1632993580138013e-07,1.3045953473938313e-07,3.102662511457023e-07,9.87195996863455e-07,7.014823476786703e-07,2.258741192736176e-05,0.2156029307345845,0.27960907771611027,2.2346472077840908e-06,0.5047609237561039,2
2015-10-02,1.1809245606194931e-07,1.316707752191283e-07,3.161972493236886e-07,1.0047724006013215e-06,7.131111845914359e-07,2.3134719260257747e-05,0.21931712102350578,0.28825773260605064,2.323774222476005e-06,0.49239740403289495,2
2015-10-09,0.0008061332542586563,0.0029642606128576637,0.011185154836208716,0.02336575526570002,0.0168562616018582,0.079819370588953,0.5224793794306783,0.12552303379455534,0.054605053282408375,0.16239559733252168,2
2015-10-16,0.0007808838878549014,0.0029805887805408183,0.011147216619318952,0.02369872305002774,0.016803773166073746,0.08119002287829566,0.5152753515397229,0.13098333384183264,0.056373426701804334,0.1607666795345282,2
2015-10-23,0.0007775542926232167,0.0030111695928595134,0.011310083978546876,0.02384899801436964,0.016788870606767432,0.07933280662950705,0.508590090850004,0.13787649542620234,0.05805407105095926,0.16040985955816056,2
2015-10-30,0.0007508266884947049,0.0029701142369250072,0.011126038125144875,0.023857670437038795,0.016651968927709496,0.08269307956153087,0.5084043759449277,0.13822939312904053,0.05827772363450396,0.1570388093146841,2
2015-11-06,2.169904657987342e-06,2.828652754021104e-06,8.165423512746764e-06,3.457012889349553e-05,1.5173221071671005e-05,0.16304215515453394,0.3045035236438042,0.30453604555386243,0.00048611179657487985,0.22736925652033455,2
2015-11-13,2.132728340067891e-06,2.7975220121170677e-06,8.011723388031539e-06,3.38616471483111e-05,1.4699525382124088e-05,0.15729314243572456,0.31307934665982634,0.30611386345860436,0.0004835120054507861,0.2229686322941232,2
2015-11-20,2.0999096612478526e-06,2.8036268527065328e-06,7.933199042840304e-06,3.368342475736357e-05,1.4451907901363267e-05,0.15771623418778705,0.31059527875378834,0.3074228646111037,0.0004774391552239469,0.22372721122388145,2
2015-11-27,2.1036294068504886e-06,2.840081210791863e-06,7.965099423965494e-06,3.3598818218603405e-05,1.4417243062147465e-05,0.1572008278436785,0.3095203867598099,0.31429637727195603,0.0005004922404296427,0.2184209910128035,2
2015-12-04,0.0013567164253167896,0.003496495038134678,0.007030309577363142,0.026640717602198938,0.010509189798139223,0.04899430087228462,0.6102699970606298,0.14409704033152507,0.07778598955997597,0.06981924373443152,2
2015-12-11,0.0013296447188820711,0.003460843312565732,0.006819528973618489,0.02652238677314641,0.010419715899188664,0.048686213401133445,0.6175328663700372,0.14102604351277206,0.07483818262287976,0.06936457441577608,2
2015-12-18,0.0012937859447566728,0.0034292061544100422,0.006661943162097704,0.026720483073902325,0.010264606794425585,0.04900081696334952,0.6179609663096152,0.14119164122003364,0.07585522894012828,0.06762132143728089,2
2015-12-25,0.0012823805904707284,0.003424227475849419,0.00664504008868208,0.026596408984571347,0.010267825018286453,0.0489413695438844,0.6183683609226829,0.14091962261149,0.07686929151056791,0.06668547325351486,2
2016-01-01,0.0019160852603265707,0.0040388301954870365,0.005776870116025873,0.036638433737625625,0.011845362262651107,0.06660348677949146,0.6832172168554352,0.09279237313478457,0.05651674959443391,0.04065459206373867,2
2016-01-08,0.0019160852603265705,0.0040388301954870365,0.005776870116025872,0.036638433737625625,0.011845362262651106,0.06660348677949145,0.6832172168554352,0.09279237313478457,0.0565167495944339,0.04065459206373866,2
2016-01-15,0.0021058965913460345,0.004084800457265888,0.005639841140209724,0.03555061793269309,0.012134784800382896,0.0643918768179911,0.6887892866941538,0.08801211632821408,0.05822725562238241,0.04106352361536098,2
2016-01-22,0.0020259113493604373,0.003955267262722255,0.005492498516158678,0.035080829331471976,0.012077336904154601,0.06408124142854967,0.6949835691527911,0.0880394774723326,0.05377826612299737,0.040485602459461374,2
2016-01-29,0.0014981011965865473,0.003463998432679541,0.004014034881377054,0.02134439375610593,0.013890078967103356,0.07821594415285499,0.6489685961350441,0.1355152124319679,0.058118310072729544,0.03497132997355118,2
2016-02-05,0.0015203221384627597,0.0033607729085572136,0.003836588240796861,0.02093855107631947,0.01409491536250553,0.07762092635970345,0.655864257331098,0.13320178511410313,0.05594122211896423,0.0336206593494894,2
2016-02-19,0.0014892630571483971,0.003430258379135006,0.003881789259780348,0.021357623025644555,0.014245868771366766,0.07992891975298519,0.6501243157741554,0.13650160569371902,0.05529112437723487,0.03374923190883053,2
2016-02-26,0.0015680985539291148,0.003632251078758114,0.0041405209904786106,0.018488379820660636,0.01380376063371333,0.10554978808292038,0.6848287677022558,0.11676878666259388,0.03358707900016794,0.01763256747452191,2
2016-03-04,0.0016380410493576573,0.0037161029980168053,0.004049660449620809,0.018293140063693866,0.013996216533776392,0.10382706911737388,0.6915359294559515,0.11264184691392636,0.03227632736108154,0.018025666057201066,2
2016-03-11,0.0016644558212108229,0.0036992945629531334,0.003940028419896471,0.01755388474720202,0.013976708010394148,0.09815232192306515,0.7084113014750884,0.10444308101223727,0.030672056041198114,0.017486867986754567,2
2016-03-18,0.0016270353057003827,0.003654524485965141,0.0039341071253527465,0.017742037926253132,0.014008233655841109,0.09956036830297309,0.7049425783497406,0.10563380610858646,0.03137312278444427,0.01752418595514306,2
2016-03-25,0.0015205220017879273,0.0037432802590829928,0.004202825638248586,0.015882974395378655,0.01722417544774818,0.11508609299252626,0.6964198992647344,0.09348059160243996,0.035301937316004575,0.0171377010820484,2
2016-04-01,0.0014788264200592865,0.0036840038718552724,0.004231136137767148,0.016045291329646303,0.017541986407471045,0.11472791543053469,0.695719160714658,0.09428806106108915,0.03520390918098405,0.017079709445935065,2
2016-04-08,0.0015124016606446109,0.0037586382684229166,0.004250325467413007,0.01594274478042309,0.017584210081668043,0.11470649173538504,0.695533373535914,0.09410822494795874,0.035414951383065496,0.017188638139105063,2
2016-04-15,0.0015306714118063754,0.0038047715294944806,0.004271887274507062,0.01616058794080635,0.017636487168310105,0.11693428367291073,0.6907105831913942,0.09570961274199226,0.036087113437075054,0.017154001631703348,2
2016-04-22,0.0011363257424353707,0.0025749069550926734,0.0027502947744254824,0.01364253508297246,0.01555188948692865,0.15237971572511552,0.5854103918150795,0.18048802490145355,0.0353618347379871,0.010704080778509761,2
2016-04-29,0.0011330934282567015,0.00254965090393515,0.0026693104316799455,0.013478404265656932,0.015575635462484888,0.14922124392644623,0.5954606919465372,0.17479231254711083,0.03450473847141111,0.01061491861648109,2
2016-05-06,0.0011437792793119682,0.0025323408526050613,0.0026536600705878363,0.01356983208957171,0.0159827663761309,0.1498773837799726,0.5927563147785022,0.17585098205384406,0.03503632432670339,0.010596616392770332,2
2016-05-13,0.0011064361175885551,0.0025213287176196193,0.0026669003374618174,0.013618832526065749,0.01622370535507148,0.15035541080831064,0.5905125421564295,0.17751993913507946,0.03493142253232113,0.010543482314052183,2
2016-05-20,0.0013401159561482676,0.0029362047746571696,0.0032966154872383774,0.015008231166509789,0.024458939783172054,0.14310476926952787,0.6164311478054965,0.15101633233603098,0.034165037811618726,0.00824260560960001,2
2016-05-27,0.0013337443465043428,0.0029304400139903604,0.003254993087954861,0.014885293741695628,0.02408849270903962,0.14249562011229025,0.616118213645614,0.1532690979853175,0.033512367570889955,0.008111736786703653,2
2016-06-03,0.0013351825511524699,0.002917302963687658,0.0032392570703720673,0.014955553879767675,0.02377529495457871,0.14163787987062207,0.6146022295153598,0.1554453742283666,0.03399901438361716,0.008092910582475847,2
2016-06-10,0.001315231364981407,0.002936153537816588,0.0032277846318570585,0.014982610653539832,0.024289853491274226,0.1416524072980339,0.6103361309018479,0.1587395391330291,0.03448973385471645,0.008030555132903473,2
2016-06-17,3.5544448904802366e-06,4.3044557419105506e-06,4.9143044421645805e-06,1.7804203369942368e-05,5.4550037544638186e-05,0.06038703976301994,0.44802810985998276,0.49143662155936957,3.8138693251796524e-05,2.496267838677363e-05,2
2016-06-24,3.559493459472405e-06,4.426209804184728e-06,4.91462912300267e-06,1.767363230613722e-05,5.587431199719028e-05,0.06090666321707842,0.4507375071877363,0.4882050954676297,3.923207854939025e-05,2.5053772316182096e-05,2
2016-07-01,3.5669580120707265e-06,4.3587980800617135e-06,4.850114008466423e-06,1.7488987068755856e-05,5.4404490423008345e-05,0.06075790847675826,0.4502634335428455,0.4888298683035633,3.923394523892391e-05,2.488638400166742e-05,2
2016-07-08,3.5599925621502074e-06,4.322658100151512e-06,4.8553546442261454e-06,1.7469571017096334e-05,5.4597993874878385e-05,0.06121207099248664,0.4467528164444424,0.49188695286708956,3.869009477814057e-05,2.466403100455337e-05,2
2016-07-15,0.0013803293099972289,0.0025520005256532974,0.002426938171284407,0.009974532762532573,0.017951335055730377,0.11803854967559631,0.5967232905455606,0.2057350961644464,0.03593362290342596,0.00928430488577299,2
2016-07-22,0.0014275210142332938,0.0025697533750598566,0.0024316972011914607,0.010189454892515578,0.018109593858126362,0.1187892252995248,0.5957995915512411,0.20445669953946924,0.03689982564909572,0.009326637619542574,2
2016-07-29,0.0013972027668439722,0.0025300334809321705,0.0024219887669708695,0.010193542678846165,0.017705902131385086,0.11797453043062828,0.5932104415759479,0.20704485655857785,0.03821978785251258,0.009301713757355102,2
2016-08-05,0.001404191144699051,0.0025190800394978255,0.00243001575034373,0.010233097278044055,0.01827151938323545,0.12154320707438317,0.5973523908531603,0.19947016430803702,0.03723259478488992,0.00954373938370926,2
2016-08-12,0.0015028263425695479,0.0031013729827120695,0.0033798410388967137,0.01388530413805554,0.010019134051065817,0.09003592708052642,0.6477953630455344,0.13978257067228128,0.07309488267345929,0.017402777974898836,2
2016-08-19,0.0015089301176743636,0.003038532018764891,0.003340774471110943,0.013643537961989959,0.009821675908388559,0.08853864619914772,0.6543138252097261,0.13601330027526917,0.07247282608716822,0.017307951750760026,2
2016-08-26,0.0014899887631605962,0.0030485698226429946,0.0034013033573132303,0.013686330044720491,0.00963606541546071,0.08800346349745974,0.6531757507262381,0.13771932214475424,0.07256987466105738,0.017269331567192448,2
2016-09-02,0.0014788579360988958,0.0030431988510337443,0.003360643409255668,0.013600843349948915,0.00967022669006541,0.08970998721839803,0.6503408558651959,0.13816346069980362,0.07335113976681537,0.017280786213384497,2
2016-09-09,0.0013583103894295734,0.0027370048261129987,0.0031317985699000905,0.01472374617945868,0.007756885040041156,0.1305339522762586,0.6001328530040683,0.15522588299625223,0.06791151146150903,0.016488055256969614,2
2016-09-16,0.0013689872444314244,0.002781244005094895,0.0031690558595389518,0.014873000360525334,0.007723118097650214,0.13083400584239827,0.5968567399982552,0.15574115838079522,0.07019540170929466,0.016457288502015992,2
2016-09-23,0.0013689872444314244,0.002781244005094895,0.0031690558595389518,0.014873000360525334,0.007723118097650214,0.13083400584239827,0.5968567399982552,0.15574115838079522,0.07019540170929466,0.016457288502015992,2
2016-09-30,0.001355665119315994,0.002728923651243792,0.003138083097263264,0.014756723287239348,0.007697737359536596,0.13139046437810545,0.5985522279815562,0.1553528064079423,0.06869724149796426,0.01633012721983276,2
2016-10-14,0.001425390286056795,0.002542380597349514,0.002609573336346316,0.011688633947334465,0.005911345225558237,0.16604217084206663,0.5853695771850983,0.15784021488303934,0.056800363480111735,0.009770350217038343,2
2016-10-21,0.0014306863588416203,0.002552587826163136,0.002665300203554693,0.011637827819089931,0.005926362393834998,0.16722218123584778,0.5797791428604256,0.15946295623968415,0.05947922138267653,0.009843733679881339,2
2016-10-28,0.001443473225324016,0.002568934854702922,0.0027230852703636265,0.011672278159951326,0.005926476089904908,0.16628352088723658,0.5804970962040643,0.15966750352401288,0.05935371224229598,0.009863919542143591,2
2016-11-04,0.0009433085615405609,0.0020285981179605506,0.002266191053249017,0.011076378633643788,0.005650533961356757,0.17705403722052981,0.5426456447933521,0.17781020282550403,0.07123125058214332,0.00929385425071988,2
2016-11-11,0.0009327417148915774,0.0020410035426611938,0.0022728139431279683,0.011073335348986135,0.005630467192504097,0.17689648258651905,0.545095310736524,0.17676974184308872,0.07003232723699278,0.009255775854704548,2
2016-11-18,0.0009522912203685733,0.002131350613082153,0.002300387817547558,0.011015224736537248,0.005595592719362894,0.17437835678820673,0.5482199853114355,0.17560700306208063,0.07055246537998694,0.009247342351391737,2
2016-11-25,0.0009436949733992638,0.0021150432654529925,0.0023262653397871794,0.011020279533823575,0.005559129338207696,0.17419270392769923,0.5475398770859996,0.17541649861169448,0.07159292945659032,0.009293578467345543,2
2016-12-02,0.0009603016596868852,0.0026063228851565118,0.003433898601524543,0.021731666354660423,0.0057188132652342405,0.06533081463430647,0.6322794421946489,0.17013694165255264,0.0899369707527756,0.007864827999453775,2
2016-12-09,0.000951842311102508,0.002594854906692958,0.0035102778186486237,0.021963041289500607,0.0057512845586342055,0.0652815757648377,0.6298971402300066,0.16937990145788598,0.09268119638885751,0.007988885273833372,2
2016-12-16,0.000953830166422548,0.0026399704894470724,0.0034653065130779296,0.021953728616223526,0.0058371189989842144,0.0651381291138223,0.6312535834951103,0.16856648455556927,0.09229741598402258,0.007894432067320252,2
2016-12-23,0.0009861381883577466,0.0026585501028482017,0.003477643387153795,0.022051619015777204,0.005971481864857482,0.06579417696761673,0.6300788967668043,0.16803620543292283,0.09289743026364929,0.008047858010012362,2
2016-12-30,1.1294807376826559e-06,1.9328464083488668e-06,3.7286292724071743e-06,2.8756975926333243e-05,8.258925670810106e-06,0.11651215293902958,0.4070619460764227,0.3500871812833538,0.12627027786828673,2.4634974891389128e-05,2
2017-01-06,1.1086854859519355e-06,1.918939856977459e-06,3.711968118562111e-06,2.866980015540197e-05,8.33889995086217e-06,0.11738000767132116,0.4082209612468608,0.3483254866759099,0.12600525472890525,2.454138343505431e-05,2
2017-01-13,1.1463559041399477e-06,1.957410596106726e-06,3.7645339810453396e-06,2.87842197352116e-05,8.45394693942223e-06,0.11669144869110061,0.40687327879172086,0.3491845676973324,0.12718196913707588,2.4629215614241692e-05,2
2017-01-20,1.1474460721227423e-06,1.951677395273399e-06,3.7516092664067107e-06,2.8569117158158518e-05,8.363912726049067e-06,0.11592241010721642,0.4142954170787878,0.34616064186308754,0.12355294888968277,2.4798298607328475e-05,2
2017-01-27,4.341569789578873e-06,6.1959365500524534e-06,1.3229615868570136e-05,2.8803034206392264e-05,1.666119715237023e-05,0.485304307165564,0.22545225306443106,0.22030568856293076,0.06881557235041486,5.294750309236531e-05,2
2017-02-03,4.341569789578873e-06,6.195936550052453e-06,1.3229615868570136e-05,2.880303420639226e-05,1.666119715237023e-05,0.48530430716556394,0.22545225306443104,0.22030568856293073,0.06881557235041486,5.2947503092365306e-05,2
2017-02-10,4.35945444391489e-06,6.331771946538378e-06,1.3241717461741687e-05,2.8801932832620347e-05,1.6503794329051514e-05,0.4885024252486436,0.2232591276668552,0.21934420136243787,0.06877246739607475,5.2539654974687584e-05,2
2017-02-17,4.39625840500056e-06,6.4467780253645774e-06,1.3538708546993484e-05,2.8863974922967302e-05,1.665623023511563e-05,0.4859547606794142,0.22416977223153886,0.21988421469636643,0.06986831320659273,5.3037235952390764e-05,2
2017-02-24,8.623561458299661e-08,1.316616798560898e-07,2.4793143840679064e-07,5.45201872303842e-07,2.803437046104141e-07,0.5076826967377978,0.3216901712299099,2.806044092310521e-05,0.17059670759516601,1.0726218933096416e-06,2
2017-03-03,8.409830554229675e-08,1.3019220479916926e-07,2.454878577558821e-07,5.447793633359612e-07,2.8188441833776177e-07,0.5118953197351128,0.3163624987333123,2.8104427201814997e-05,0.17171173834557515,1.0523166479660256e-06,2
2017-03-10,8.372856542556061e-08,1.3091053815494315e-07,2.4612772395298834e-07,5.5045005864708e-07,2.8130141717527935e-07,0.5112308719925447,0.3147736089293156,2.834051711097132e-05,0.17396483120530748,1.0548374179550654e-06,2
2017-03-17,8.158007632122944e-08,1.2947579914358225e-07,2.4313124135302955e-07,5.522298104119709e-07,2.8297730776056124e-07,0.5094524503400911,0.3125711567685828,2.8446208765523618e-05,0.17794561673320042,1.0405551249748867e-06,2
2017-03-24,4.914719136505107e-07,6.126785792063893e-07,9.413239937343241e-07,1.9424006130706873e-06,5.300822583845488e-07,0.372174312916447,0.28574270065030516,0.00010866490963221814,0.34195893301633706,1.0870549920643591e-05,2
2017-03-31,4.940850106358605e-07,6.039410380120991e-07,9.503493208905469e-07,1.953876310929933e-06,5.396570720561306e-07,0.37831742672076746,0.2791300418903985,0.00010843387261443709,0.34242880528933506,1.0750318132184604e-05,2
2017-04-07,5.019667941384434e-07,6.032869698763926e-07,9.481305444018118e-07,1.9534430723229078e-06,5.397928104421791e-07,0.3777245626063342,0.2824419564583232,0.00010753249890278322,0.339710580856905,1.0820959343645964e-05,2
2017-04-14,5.100308814921483e-07,6.208577185493808e-07,9.786079788768915e-07,1.959914791869287e-06,5.381765097021213e-07,0.37700884291146863,0.28240467314432527,0.00010884917516064842,0.3404619349090302,1.1092272134762944e-05,2
2017-04-21,2.7317277081535894e-05,4.6929365122108896e-05,0.0001053736822535724,0.00017106163035764468,0.00012215782812034345,0.7021125285918783,0.1262130952057038,0.0007778588360118667,0.16822153581183902,0.002202141771631739,2
2017-04-28,2.5937983508374662e-05,4.430734345793358e-05,0.00010206053825746553,0.00016923616970223565,0.00012348811337985183,0.7076260909873879,0.12296414558149607,0.0007606109733751869,0.16608363803568849,0.0021004842737465047,2
2017-05-05,2.586813281825818e-05,4.431504039455705e-05,0.00010063257609862616,0.0001694738837571829,0.00012348804552935884,0.7047434055428574,0.12499764545649435,0.0007785832245143713,0.16688415840317608,0.002132429694359774,2
2017-05-12,2.5289029694940864e-05,4.3913304164357944e-05,0.00010056087201151794,0.00017161606759758883,0.00012421954107737703,0.7065786493206764,0.12402743300422613,0.0007796822791330126,0.16601376272064497,0.0021348738607738296,2
2017-05-19,3.969089522945523e-06,5.904777605324359e-06,1.1818615695523564e-05,2.741562194902335e-05,1.3517122597644628e-05,0.529761868527154,0.2181675563077738,0.000319356793571127,0.251619341192151,6.925195197963595e-05,2
2017-05-26,4.014064156149563e-06,5.879021382774262e-06,1.1626957434797223e-05,2.7281049345378104e-05,1.3762437498600496e-05,0.5332883673249619,0.2125265051533303,0.00032335368568379394,0.25372991011862567,6.93001875807821e-05,2
2017-06-02,4.046229788875707e-06,5.780895412744586e-06,1.144132784355771e-05,2.7213713197294813e-05,1.3813212771452036e-05,0.5277089210284551,0.22138463845224662,0.00031462619146661105,0.25046064194213563,6.887700668207037e-05,2
2017-06-09,4.035943915685038e-06,5.680301490342284e-06,1.145237232828533e-05,2.7204181339962566e-05,1.3718721870792805e-05,0.527223561617586,0.22183682314719558,0.0003133924695378945,0.25049460893985004,6.952230488533049e-05,2
2017-06-16,0.002149606681162035,0.0020967824672568913,0.002949959515909137,0.0213314069357797,0.01886583135468442,0.0932263792185213,0.21929287724155647,0.021140557547153466,0.599912363124302,0.019034235913674813,2
2017-06-23,0.0021426033294071633,0.002137440619434071,0.002924811224682863,0.021205345912330482,0.018604051899055556,0.09299926354344877,0.2153752441078178,0.02103441265774377,0.6047972621711866,0.018779564534892993,2
2017-06-30,0.002100401539753956,0.002112390377051469,0.0028764400404632843,0.021383827259942798,0.01871301098038694,0.09141061410641894,0.21770421641522072,0.020816375425242596,0.6043408364763451,0.01854188737917439,2
2017-07-07,0.002100767167028228,0.0021401566553990894,0.0028742548557403524,0.021292654454947827,0.018787308269426112,0.09156319868493103,0.21652583529672206,0.020935297493415127,0.6055103088388768,0.018270218283513422,2
2017-07-14,4.746037097952787e-07,7.982504345796645e-07,1.314490550674498e-06,9.282854291072884e-06,1.797079342163722e-06,5.5198288565044265e-06,0.26774972195860597,5.2995173280831e-06,0.732222976575622,2.814841259248153e-06,2
2017-07-21,4.750951388564592e-07,7.988735032747345e-07,1.3122850866044603e-06,9.267652997507208e-06,1.8122026520829036e-06,5.433228060021445e-06,0.2783479725924038,5.156619911778208e-06,0.7216249740428872,2.7974073589931422e-06,2
2017-07-28,4.962661138040189e-07,8.397174099911635e-07,1.3273439662527138e-06,9.225977310750173e-06,1.8417624444059257e-06,5.350002774393867e-06,0.28094114749284294,5.1122054070421574e-06,0.719031840129862,2.819101868381802e-06,2
2017-08-04,4.874595984993091e-07,8.501018527559218e-07,1.330394965359391e-06,9.21551202452429e-06,1.8713018155584479e-06,5.344228095695334e-06,0.28112381449385676,5.195148952793074e-06,0.7188490543107953,2.8370480426692734e-06,2
2017-08-11,5.742136440266556e-08,1.0555104427420422e-07,1.376975767709754e-07,1.3494106239428513e-06,3.49205861555795e-07,4.436837837660005e-07,0.3906079735673918,2.1301797570242494e-07,0.6093890103315055,3.6011287225190617e-07,2
2017-08-18,5.621832289490418e-08,1.0282514222369581e-07,1.368605328095393e-07,1.3536477251295508e-06,3.6326598539280416e-07,4.5650577440156606e-07,0.3788666019233363,2.1514497849393849e-07,0.6211303524921297,3.611160725908707e-07,2
2017-08-25,5.5440501285454196e-08,1.0098227355822524e-07,1.3657661324494765e-07,1.3337296463389455e-06,3.570687052304273e-07,4.497851152568331e-07,0.3756064738386728,2.2235199966944458e-07,0.6243905134955748,3.567308978310672e-07,2
2017-09-01,5.488033966846956e-08,1.0043484187294616e-07,1.337644457615529e-07,1.3262675439661847e-06,3.4917185866255183e-07,4.400108234169308e-07,0.3824420114445304,2.1711585992702636e-07,0.6175550187563354,3.48153420807856e-07,2
2017-09-08,5.2177816984896136e-08,9.706099415248547e-08,1.1913269933351454e-07,7.86770725872611e-07,5.334173072094959e-07,4.3228036253438863e-07,0.38280470139648287,2.8822523263802936e-07,0.6171926718066171,3.177317613639911e-07,2
2017-09-15,5.14986027742085e-08,9.706574161068757e-08,1.1993577955596735e-07,7.855727139762219e-07,5.202686594227782e-07,4.3612880336416654e-07,0.38228788647733847,2.908606252567746e-07,0.6177094982243541,3.139673815977685e-07,2
2017-09-22,5.036842995729062e-08,9.665144971931435e-08,1.2119858385276704e-07,7.992994241986332e-07,5.36965721117806e-07,4.3544974124608664e-07,0.38226762260631114,2.8865530188324873e-07,0.6177297369468139,3.118582230165156e-07,2
2017-09-29,4.9051714344338e-08,9.246744761809384e-08,1.1640703447721731e-07,7.904304140046521e-07,5.346593504437419e-07,4.228138149687278e-07,0.3721279757230239,2.7959484138296415e-07,0.6278694377917948,3.010605641270547e-07,2
2017-10-13,3.466119526323528e-07,6.560376096408402e-07,9.964341641458398e-07,4.681789449412395e-06,4.521385538687028e-06,2.3322862201223006e-06,0.28788504219087974,3.1942975771222693e-06,0.712096525141963,1.7038246456055253e-06,2
2017-10-20,3.3744866388952733e-07,6.449714595151205e-07,1.0007777400393772e-06,4.797817681683347e-06,4.661077775156548e-06,2.3977056858457227e-06,0.2880472955760539,3.2801816629671898e-06,0.7119338756164285,1.7088268483893847e-06,2
2017-10-27,3.395312574776405e-07,6.498726037633962e-07,1.0142294567657397e-06,4.87359866058005e-06,4.8530966788834445e-06,2.48487670314441e-06,0.29376045412198265,3.2732221972416392e-06,0.7062203232243752,1.7342260842042214e-06,2
2017-11-03,1.2559700849416303e-06,2.3720254324130626e-06,3.403689465642586e-06,1.1739666912919831e-05,2.402967280213525e-05,6.772795472728644e-06,0.20179113844900817,9.641102057122313e-06,0.7981451411605602,4.505468203628074e-06,2
2017-11-10,1.230302429049852e-06,2.2831835271449355e-06,3.3384932946747108e-06,1.1360752407421221e-05,2.3622581581795284e-05,6.691847088191055e-06,0.19835185312547832,9.626643794815995e-06,0.8015855825767306,4.410493668059296e-06,2
2017-11-17,1.1728512898802248e-06,2.1760981690276783e-06,3.1661196851220793e-06,1.111906947185227e-05,2.3128526975700276e-05,6.405904383070009e-06,0.18828436241886662,9.495226460516024e-06,0.8116547864725226,4.187312175547045e-06,2
2017-11-24,1.157418790531258e-06,2.120106697401701e-06,3.0784372121244604e-06,1.0908721456906115e-05,2.316562880753675e-05,6.3514548234649036e-06,0.19429009590207855,9.142810608152152e-06,0.8056498417216342,4.137797890992207e-06,2
2017-12-01,2.3133972467370746e-07,4.2746922667461314e-07,5.548685067665405e-07,1.5446988905123277e-06,8.562848438337426e-06,1.107000157886726e-06,0.0542658231708852,1.5077082753282062e-07,0.9457207091924544,8.886408880110728e-07,2
2017-12-08,2.4116832869404064e-07,4.518020426328256e-07,5.744287805231288e-07,1.5593015983074623e-06,8.608525300256684e-06,1.1426894687300924e-06,0.05469226253395719,1.5636389053944353e-07,0.9452940913726979,9.118139352000606e-07,2
2017-12-15,2.3801719935313133e-07,4.4219669292987266e-07,5.731031418154304e-07,1.5599703632536938e-06,8.829707479563755e-06,1.1514489634513222e-06,0.055290031254028496,1.5763316809704e-07,0.9446961055960218,9.110729412178399e-07,2
2017-12-22,2.357196918859073e-07,4.435614455106817e-07,5.759692694566e-07,1.5952173761271724e-06,9.278302916652765e-06,1.1713720085404627e-06,0.054286125152417646,1.5827396321887776e-07,0.94569950407022,9.123606910067309e-07,2
2017-12-29,0.00037023439120065487,0.000621230984224082,0.0007878737015494003,0.001541275944222837,0.20602858426306372,0.001715431456727149,0.004020948193403769,0.00259920670746051,0.781320330998201,0.0009948833599469995,2
2018-01-05,0.00038242153289941956,0.0006505160623344927,0.0008089025488014899,0.0015831879394531951,0.20950235204907314,0.0017495896462213422,0.0040961272264706545,0.0026186232952359993,0.7776010605200149,0.0010072191794954074,2
2018-01-12,0.000398833040370066,0.0006654767714428918,0.0008117101795521528,0.0015920626419529318,0.21303009657063463,0.0017371150435536225,0.004128782276431222,0.0025958979552380035,0.7740273175459306,0.0010127079748937138,2
2018-01-19,0.00040882831004335603,0.0006719894395934676,0.0008113677426687591,0.0016634569316026796,0.22634068793955342,0.001794985505136844,0.0042953310478717095,0.0026655557006456734,0.7603265140028524,0.0010212833800316492,2
2018-01-26,6.495086945200959e-08,9.814446731239211e-08,1.1727328755385441e-07,2.2791684581053174e-07,0.5652209415228494,1.1667064098748487e-07,1.3205877731181431e-05,2.1939615977982184e-07,0.4347648449965088,1.6325063973498825e-07,2
2018-02-02,6.689967889578268e-08,9.988035100124761e-08,1.1955757799691934e-07,2.381258436266251e-07,0.5746034406098895,1.1734451937418846e-07,1.331161898038565e-05,2.2334890314398153e-07,0.42538221835947426,1.6425478178091036e-07,2
2018-02-09,7.297795167286096e-08,1.0468117921562763e-07,1.1977287119670393e-07,2.4169926914747944e-07,0.5805030424068476,1.1795071355211354e-07,1.3786766412183627e-05,2.1888838180105915e-07,0.41948212778730837,1.6706906537988792e-07,2
2018-02-16,6.739035751763187e-08,1.0111750357250939e-07,1.1772745682715963e-07,2.3802004416332684e-07,0.5671568342206108,1.1803183561264192e-07,1.3134087710359158e-05,2.2056556166605677e-07,0.43282899909708306,1.6974183642259117e-07,2
2018-02-23,1.2317216947172653e-05,2.2148583196386195e-05,2.4434692719516992e-05,9.970644938995816e-05,0.5433453603719361,3.424092324483025e-05,0.007943195557032427,7.159472288295068e-05,0.4484056935500844,4.1307932566191346e-05,2
2018-03-02,1.2125408008183415e-05,2.2575073310911686e-05,2.4007184319249393e-05,9.940711820969216e-05,0.5493732180616747,3.407321333223422e-05,0.0078016927237316526,7.098722568973551e-05,0.44252239544251587,3.951854920781246e-05,2
2018-03-09,1.1664141212138237e-05,2.2348710756041255e-05,2.442655967046211e-05,9.980643296036346e-05,0.5325465446236549,3.459136454152024e-05,0.007573293615145662,7.60804319251867e-05,0.4595708109284833,4.0433191650341095e-05,2
2018-03-16,1.147948850850787e-05,2.1907330465260363e-05,2.4474588232596072e-05,0.00010079514524771963,0.5280169421631741,3.614646806155015e-05,0.007626272661363228,7.832128569545483e-05,0.46404251049243644,4.115037681516668e-05,2
2018-03-23,1.8615005017712209e-07,3.3071806037148995e-07,3.592155995565331e-07,9.231269945455265e-07,0.6981584404169267,3.2770480171087516e-07,3.276798508471937e-06,2.3619274050869297e-06,0.30183340926713603,3.8467451723936017e-07,2
2018-03-30,1.9064862920709842e-07,3.2487932714327915e-07,3.636642398361609e-07,9.177968135518357e-07,0.7045038122959656,3.4559114818945686e-07,3.3506008198862716e-06,2.3469600996906994e-06,0.2954879526217909,3.949411660180638e-07,2
2018-04-06,1.8715368379975858e-07,3.326404848279497e-07,3.722172871422473e-07,9.089845384122674e-07,0.6899021659635365,3.611772429987336e-07,3.299539526362779e-06,2.5098277815801316e-06,0.31008946584535024,3.9665056818608694e-07,2
2018-04-13,1.8715368379975858e-07,3.326404848279497e-07,3.7221728714224726e-07,9.089845384122673e-07,0.6899021659635364,3.6117724299873354e-07,3.2995395263627786e-06,2.509827781580131e-06,0.3100894658453502,3.966505681860869e-07,2
2018-04-20,3.130071208417735e-07,5.879597579238916e-07,6.503365109042949e-07,1.1448919247371124e-06,0.7085694048912322,9.299072776897756e-07,6.3073290248227875e-06,1.0807760366909024e-05,0.29140916803138794,6.858853960344002e-07,2
2018-04-27,3.147874504202373e-07,5.8037958246695e-07,6.451854027413378e-07,1.1297667809963328e-06,0.7157290257226137,9.313819516231762e-07,6.192592261667443e-06,1.0671187575214353e-05,0.28424983096894857,6.780274325979715e-07,2
2018-05-04,3.1863849869072165e-07,5.807584305886874e-07,6.543681360785246e-07,1.1279112398043728e-06,0.7122015657762093,9.680436173430736e-07,6.244170336022764e-06,1.0516599637460109e-05,0.2877773373992905,6.863346041153405e-07,2
2018-05-11,3.1450448534540567e-07,5.763631604654361e-07,6.473285368858847e-07,1.1323978576542134e-06,0.7164350073913733,9.765273387757508e-07,6.141117102551904e-06,1.0482259157081746e-05,0.2835440413837814,6.807272064830229e-07,2
2018-05-18,1.6798314696107278e-07,3.680980613229783e-07,4.2719769894928065e-07,2.928878453947106e-07,0.9999921353302113,7.919115520561748e-08,4.963025122777976e-07,2.9512354501104237e-06,2.721571908458867e-06,3.602020101399085e-07,2
2018-05-25,1.7117062330200886e-07,3.625039306992487e-07,4.179820881737921e-07,2.895632035663074e-07,0.9999922984960821,7.97688755709562e-08,4.856838180800067e-07,2.901698801315981e-06,2.6343123154296255e-06,3.588202620995836e-07,2
2018-06-01,1.648200783120105e-07,3.6068242430203435e-07,4.1765621914742766e-07,2.91237795849887e-07,0.9999922216730414,8.389539066694777e-08,4.815879127122465e-07,2.9033364703860778e-06,2.703128003614292e-06,3.719826637074816e-07,2
2018-06-08,1.5497453553839638e-07,3.334898618925965e-07,3.8548201523071185e-07,2.818210232723644e-07,0.9999928189508992,7.659827860531501e-08,4.512715229292033e-07,2.6680910793070044e-06,2.4815847317552564e-06,3.4773605220999433e-07,2
2018-06-15,1.666923867708336e-07,3.3769796028386146e-07,3.414435962904874e-07,1.5927283189290457e-07,0.9999956436243526,5.973011868667926e-08,3.181433232594014e-07,8.442744028511298e-07,1.7731251242173005e-06,3.559959031161313e-07,2
2018-06-22,1.6784006023557694e-07,3.35624509752386e-07,3.375399199782517e-07,1.5877102832933947e-07,0.9999958258335275,5.728135546425229e-08,3.2374730222531895e-07,8.133945475828089e-07,1.620169729886883e-06,3.5979801912568687e-07,2
2018-06-29,1.6640871012859516e-07,3.2634507058699136e-07,3.297849996872973e-07,1.5599850024561388e-07,0.9999960661365482,5.815946838295601e-08,3.1846269990563037e-07,7.64716664790336e-07,1.4658916240625243e-06,3.4809571395508456e-07,2
2018-07-06,1.7355322209113413e-07,3.3341293649321434e-07,3.401655807691156e-07,1.5964335137159825e-07,0.9999958718839541,6.00392986254198e-08,3.187303277471654e-07,8.323478243532219e-07,1.5501576830249734e-06,3.6006582139852715e-07,2
2018-07-13,1.738790193525592e-07,3.254201281932629e-07,3.444026063560113e-07,5.5168466916290256e-08,0.9999968714724918,4.7065639501314246e-08,2.66419817003532e-07,7.826895424542025e-07,7.567963344625415e-07,3.7668595383854854e-07,2
2018-07-20,1.6581696093900092e-07,3.2642187572874443e-07,3.32393115375024e-07,5.371751739912869e-08,0.9999969153935847,4.777368662351745e-08,2.5823585526195607e-07,7.813562322844988e-07,7.579157330875932e-07,3.609754386879154e-07,2
2018-07-27,1.6903886069260148e-07,3.3131157311423114e-07,3.389938432741095e-07,5.444364259384405e-08,0.9999967971748015,4.7733714873755325e-08,2.68608814303433e-07,8.064238738097532e-07,7.977315809793872e-07,3.885392949701052e-07,2
2018-08-03,1.7463167531648077e-07,3.405301248527236e-07,3.4944614800703657e-07,5.424211261611529e-08,0.9999967780763164,4.595703090561754e-08,2.7145556899580686e-07,7.965603281511739e-07,8.016774562317404e-07,3.874232384833644e-07,2
2018-08-10,1.7703915358014663e-07,3.300731236802594e-07,3.5409511309725895e-07,7.563614093627124e-08,0.9999951304806604,3.6753868383063196e-08,2.136763994789383e-06,4.827469083714146e-07,7.035818525420013e-07,5.728291842570574e-07,2
2018-08-17,1.8073156820922812e-07,3.297202178861032e-07,3.5828725860529855e-07,7.6301874532583e-08,0.9999950549610838,3.674118872256123e-08,2.171960665142353e-06,4.984578924151393e-07,7.339503832509153e-07,5.588878674014754e-07,2
2018-08-24,1.9000667442675576e-07,3.3788636758839045e-07,3.6904190310941675e-07,7.749430321558789e-08,0.9999948359225915,3.73749472911782e-08,2.2545603496015294e-06,5.131720125757334e-07,7.952975799330937e-07,5.892432708137721e-07,2
2018-08-31,1.880284156556097e-07,3.317005649756981e-07,3.608936054752685e-07,7.580976944674685e-08,0.999994851715115,3.706536481150368e-08,2.2874331807952153e-06,5.079600446275074e-07,7.837572560043464e-07,5.756366831283733e-07,2
2018-09-07,2.437141691004013e-07,4.510084849376937e-07,4.225418629216356e-07,2.0513155767477352e-07,0.9999554739111122,7.534219453850745e-08,3.944656762572274e-05,7.961200879991393e-07,1.8211693353107695e-06,1.064493569684962e-06,2
2018-09-14,2.529051654125565e-07,4.502834171071373e-07,4.2836858632465436e-07,2.0463782772056957e-07,0.9999548632854982,7.701922825427798e-08,4.0021681874124596e-05,8.059228143583903e-07,1.8086621299579493e-06,1.087233458529878e-06,2
2018-09-21,2.5907962587795074e-07,4.419250694510495e-07,4.287278675704005e-07,2.0528787075667686e-07,0.9999547109994945,7.324727668998003e-08,4.025136356557378e-05,7.670230928305026e-07,1.7610619967874441e-06,1.1012841399690128e-06,2
2018-09-28,2.500791653502141e-07,4.274706342820657e-07,4.1271701439522507e-07,1.982784865216735e-07,0.9999557198877468,7.002231752527017e-08,3.948928754713944e-05,7.31333356734087e-07,1.6578363148105214e-06,1.0430874163064873e-06,2
2018-10-12,2.1837486512334503e-07,3.1010823510356684e-07,3.2430272592490667e-07,1.3048209144687532e-07,0.9999907179084274,3.85664447525987e-08,6.388656934304231e-06,4.200947676037369e-07,7.635094517499029e-07,6.879960563340267e-07,2
2018-10-19,2.2899720249369203e-07,3.098973486151877e-07,3.194268401851998e-07,1.290908922184706e-07,0.9999907796347782,3.779072816838652e-08,6.410486087103517e-06,3.9501703371382144e-07,7.068703487742399e-07,6.827887405631627e-07,2
2018-10-26,2.2064272948543156e-07,2.972040445554443e-07,3.155100733484797e-07,1.2767332183710205e-07,0.9999906145945796,3.6475931156957114e-08,6.579972461575923e-06,4.0125984780912246e-07,7.20751666913372e-07,6.859153438619582e-07,2
2018-11-02,0.00015742076875852463,0.0002632541135008377,0.00019731307876998854,0.00023602647158033182,0.7584790136223883,0.0003210585942653355,0.23878797464497703,0.0002942719498748537,0.0009070274318088954,0.0003566393240759069,2
2018-11-09,0.00015450142557622354,0.0002705665811110627,0.00020369895412328883,0.00023913243704713793,0.7569958472994839,0.00033838842808685726,0.24020227225861096,0.0003118546935058075,0.0009237795417731943,0.0003599583806814373,2
2018-11-16,0.00015674490393534644,0.00026942607424211557,0.00020567110438256042,0.0002386529125986256,0.7588781807127194,0.00034435078483362023,0.23827099254732442,0.00031109883713607237,0.0009579800332755084,0.00036690208955237073,2
2018-11-23,0.00015191102277529683,0.00027079500439769764,0.00021133594841847583,0.0002429767139691033,0.7571627055888082,0.0003440188565598891,0.23991617043791602,0.0003284081950491751,0.0009955709500914615,0.0003761072820147262,2
2018-11-30,1.094009984299808e-07,2.24090892862884e-07,2.0587703338362633e-07,1.4967133239107025e-07,0.6813975953237559,3.450467129763191e-07,0.3185993643631007,3.968100828832886e-07,1.055630974991666e-06,5.537851153868535e-07,2
2018-12-07,1.0661014765450946e-07,2.1964052192676552e-07,2.043019165905479e-07,1.4599762547249933e-07,0.6855772538425593,3.401533333326149e-07,0.3144197538184269,3.8970315633767356e-07,1.0437427181835965e-06,5.421895940942172e-07,2
2018-12-14,1.0620691528647135e-07,2.2124944169709936e-07,2.0483793178008694e-07,1.4538851935984708e-07,0.6901634937893922,3.262351680763734e-07,0.3098335416356866,3.855064834987602e-07,1.0279228899469774e-06,5.472275715923817e-07,2
2018-12-21,1.055507748413748e-07,2.1782101969645886e-07,2.040986797165778e-07,1.461180428257788e-07,0.6940020742437586,3.140614567110819e-07,0.3059950019842317,3.7912795622178454e-07,1.01103821202139e-06,5.459558677130516e-07,2
2018-12-28,0.00024376135402853858,0.0004073865581562294,0.00034580123352207425,0.0003629507223819353,0.7684997757290296,0.00039354604632692183,0.22751921961543958,0.00039814023189292365,0.0007444664979696794,0.0010849520112526491,2
2019-01-04,0.00023020844516447945,0.00039291278821633805,0.00033666000811698437,0.00035515069378367394,0.7740978457145279,0.0003921843365778227,0.2219838359985207,0.00038438829060500154,0.000743835766177099,0.0010829779583099086,2
2019-01-11,0.00023295691599694698,0.00039649167708466173,0.0003430112419553013,0.00035535308496367746,0.7667769357197911,0.0003811894300291706,0.22930626350633979,0.000390829739390388,0.0007409929348685301,0.001075975749580272,2
2019-01-18,0.00023485838224145142,0.0003946137283532475,0.0003415003741925285,0.0003585706093549492,0.7712372524270665,0.00037347367862966503,0.22484372830273225,0.00039564863214559706,0.0007672403103611458,0.0010531135549227868,2
2019-01-25,0.0006285455522550816,0.0009401600523803772,0.0008141740524364696,0.0007954570966442978,0.8329995401684185,0.0008565030967531057,0.15912266295339883,0.0007624791251405103,0.0011312728229623324,0.0019492050796106608,2
2019-02-01,0.0006163255429461635,0.0009260867979691049,0.0008030813755069257,0.0007934848026213007,0.8325491338342457,0.0008350779738541811,0.15968278023793928,0.0007602661504297261,0.0011203117251750918,0.0019134515593128012,2
2019-02-15,0.0006114711738360421,0.0009078817996394751,0.000790562072742049,0.0007833121928969758,0.8324053652825733,0.00082693871947627,0.15996383310834256,0.0007503023880811065,0.0010834661090849097,0.0018768671533275446,2
2019-02-22,0.0005017776742927167,0.0007212762624935607,0.0006152367141740685,0.0006199797146476782,0.8921977721494309,0.0006633270490538408,0.10199432658851648,0.0006226869753992175,0.0008060612826346217,0.001257555589356791,2
2019-03-01,0.0004994785468224763,0.0007274836374602095,0.0006252506530726654,0.0006250387268328147,0.8882791878510389,0.0006597823134911258,0.10581692236265006,0.0006657303995877747,0.0008758894237035175,0.00122523608534049,2
2019-03-08,0.0004949719110718228,0.0007327853785264722,0.000616755757879979,0.0006112740807114184,0.8872657472001566,0.0006626179615391239,0.10691592150693005,0.0006612110991013047,0.0008539447004996501,0.0011847704035835062,2
2019-03-15,0.000496889383842908,0.0007460737737377294,0.0006291342063251218,0.0006216650290553284,0.8873219583612003,0.0006870836650981037,0.10665284046471343,0.0007271963275976565,0.0008928657810463482,0.0012242930073829436,2
2019-03-22,0.0005881994086824605,0.0008958461424876606,0.0007933550617476018,0.0008009657294657928,0.8315283559422796,0.0008617871579350872,0.16106007580528153,0.0010626736580573817,0.0012154201480403274,0.0011933209460226117,2
2019-03-29,0.0005796619173250757,0.000885684319716966,0.0007855970183749953,0.0007928160782890033,0.8351202585475207,0.0008669580149554345,0.1575389302496411,0.0010646628021407703,0.0011806097382832306,0.0011848213137527327,2
2019-04-05,0.000544939100056949,0.0008346866325652394,0.0007417245925244898,0.0007484023878572149,0.8419809819600265,0.0008339945109618641,0.15110924224105435,0.0010006321988644546,0.0011014812262954772,0.0011039151497933264,2
2019-04-12,0.0005449391000569491,0.0008346866325652396,0.00074172459252449,0.000748402387857215,0.8419809819600267,0.0008339945109618642,0.15110924224105438,0.0010006321988644548,0.0011014812262954774,0.0011039151497933266,2
2019-04-19,1.5487799838529836e-07,1.88053085265881e-07,2.3935130035382995e-07,6.864861114555405e-08,0.9999910536684804,2.4650778734027227e-08,7.278042370388767e-06,3.42650269170634e-07,3.9260056208573793e-07,2.574565440492706e-07,2
2019-04-26,1.5926453087500346e-07,1.8606496119871794e-07,2.386810530703992e-07,7.09488981039653e-08,0.9999909535286629,2.413739703295927e-08,7.353015582982003e-06,3.416550995907828e-07,4.236215306524115e-07,2.49082283799484e-07,2
2019-05-03,1.4886633163814857e-07,1.7360457384263471e-07,2.2184676184007766e-07,6.497837946195838e-08,0.9999913558573925,2.3269529369428475e-08,7.04693286742255e-06,3.263220147038898e-07,3.9884404124177077e-07,2.394781078249014e-07,2
2019-05-10,1.4886633163814857e-07,1.7360457384263474e-07,2.218467618400777e-07,6.497837946195839e-08,0.9999913558573926,2.3269529369428478e-08,7.046932867422551e-06,3.2632201470388986e-07,3.988440412417708e-07,2.394781078249014e-07,2
2019-05-17,1.9838360092204056e-07,2.4768299480293907e-07,2.7686385427954396e-07,1.6914789389751165e-07,0.9999977463183218,1.4526644778335476e-07,8.884315800806456e-08,3.7740982891382705e-07,4.5355067517095337e-07,2.965332244657638e-07,2
2019-05-24,1.905861326615169e-07,2.3794510112959586e-07,2.6355904683308617e-07,1.6084722988361418e-07,0.9999978778851081,1.4065666762365974e-07,8.419426310053095e-08,3.469284393857355e-07,4.1550847253486103e-07,2.8188953879566205e-07,2
2019-05-31,1.96820730019587e-07,2.4560957579375906e-07,2.712201120820795e-07,1.6406832975441615e-07,0.9999978128978531,1.423531734957921e-07,8.794783058684642e-08,3.5630156669617304e-07,4.281130731675356e-07,2.9466775540360335e-07,2
2019-06-07,1.9262371827848366e-07,2.4412013680937403e-07,2.6823657501558407e-07,1.607444918779075e-07,0.9999978330397055,1.3918799652335437e-07,8.644013387858893e-08,3.5403537209004877e-07,4.2567016137791664e-07,2.959017085213789e-07,2
2019-06-14,2.0151598365340773e-07,2.468394088107949e-07,2.7043828462286435e-07,1.716534128424746e-07,0.999997936879336,1.4932409765151578e-07,7.43375576983694e-08,3.092601445929942e-07,3.505373813553721e-07,2.892143927460999e-07,2
2019-06-21,1.9627893674926956e-07,2.4370459883887024e-07,2.665558511028176e-07,1.686227516190922e-07,0.9999979708238099,1.429560683288667e-07,7.478211125663683e-08,3.016560289546322e-07,3.483739055680871e-07,2.862459376768252e-07,2
2019-06-28,1.9694484522828302e-07,2.442832875003259e-07,2.702393515487833e-07,1.7070897551650053e-07,0.9999979430322344,1.4595401752976132e-07,7.713738010702227e-08,3.141194301550309e-07,3.530274078913076e-07,2.84553070041928e-07,2
2019-07-05,1.9309012873359976e-07,2.3896834601709854e-07,2.634895432980504e-07,1.6742690036762092e-07,0.999997993722817,1.4516917319480968e-07,7.490877367255256e-08,3.05751128592474e-07,3.426711904340231e-07,2.748019987888813e-07,2
2019-07-12,2.0036021587822156e-07,2.395156991579533e-07,2.574644171912148e-07,1.803118659040509e-07,0.9999979670913727,1.6344658976641692e-07,7.312801256769901e-08,3.149769957824569e-07,3.2812116364582883e-07,2.755836675573431e-07,2
2019-07-19,1.9622373998257577e-07,2.329752644973494e-07,2.509732078814892e-07,1.7620620709692012e-07,0.9999980186608455,1.616585684564032e-07,7.247429322272088e-08,3.0393633233901953e-07,3.154283881652286e-07,2.7146315277250355e-07,2
2019-07-26,1.995678972329346e-07,2.367474220754707e-07,2.5698065870649045e-07,1.7555780045740293e-07,0.9999979894361107,1.6083075122862556e-07,7.420757986807338e-08,3.1212412056116603e-07,3.1616542301198856e-07,2.7838223622003274e-07,2
2019-08-02,2.0058865299768213e-07,2.3501016007993382e-07,2.6334985627711524e-07,1.7898853291536515e-07,0.9999979363155183,1.6428174444048586e-07,7.519564910259543e-08,3.2986100964969907e-07,3.322856618162896e-07,2.84123214520767e-07,2
2019-08-09,1.911200471417003e-07,2.213628162199964e-07,2.609134029687978e-07,1.7331615388011397e-07,0.9999979182596098,1.5102074322531445e-07,7.312437715021791e-08,3.4779392720167936e-07,3.7195574407034563e-07,2.911331783630937e-07,2
2019-08-16,1.904158880418276e-07,2.2221538492908934e-07,2.5670565277302686e-07,1.72057630414014e-07,0.9999979363496031,1.542016365974319e-07,7.343796603400637e-08,3.4161149377906916e-07,3.6005542213325096e-07,2.929493222512946e-07,2
2019-08-23,1.830853903228903e-07,2.141357000638345e-07,2.4832242627903007e-07,1.6794778863093725e-07,0.9999979606860951,1.5449140673814707e-07,7.11426290562984e-08,3.5087860117824695e-07,3.6368203761349015e-07,2.856279248744179e-07,2
2019-08-30,1.812720869463259e-07,2.118385847204684e-07,2.5111078790758656e-07,1.693311643899657e-07,0.9999979468865124,1.576525792541236e-07,7.140683751200114e-08,3.5985404579879484e-07,3.6891778572470827e-07,2.817296153736754e-07,2
2019-09-06,1.7539789998413132e-07,2.0601734919025838e-07,2.254538111771392e-07,1.6260183051500536e-07,0.9999981657447128,1.237281185007209e-07,5.78781719141904e-08,3.1002983190128107e-07,3.253848480887957e-07,2.47763426037962e-07,2
2019-09-13,1.847163633640981e-07,2.1753085400862917e-07,2.3899254557558305e-07,1.7049688402727287e-07,0.9999980294524915,1.2792449600336243e-07,6.151748727674519e-08,3.441967942388015e-07,3.711755349267751e-07,2.539965491380951e-07,2
2019-09-20,1.847163633640981e-07,2.1753085400862917e-07,2.3899254557558305e-07,1.7049688402727287e-07,0.9999980294524915,1.2792449600336243e-07,6.151748727674519e-08,3.441967942388015e-07,3.711755349267751e-07,2.539965491380951e-07,2
2019-09-27,1.8672167954261912e-07,2.1863763054447755e-07,2.391341396440503e-07,1.702329734955306e-07,0.9999979976330308,1.298052441023729e-07,6.157461477786806e-08,3.579821684139428e-07,3.837400467578436e-07,2.545384720482379e-07,2
2019-10-04,1.6372108261351935e-07,1.8889139099769587e-07,2.0502131691826797e-07,1.4199982037377304e-07,0.9999981303604035,1.0065381452285068e-07,8.497121603230649e-08,3.703250827753941e-07,3.98012377108763e-07,2.16043495016917e-07,2
2019-10-11,1.6372108261351935e-07,1.888913909976959e-07,2.05021316918268e-07,1.4199982037377304e-07,0.9999981303604036,1.006538145228507e-07,8.49712160323065e-08,3.7032508277539414e-07,3.9801237710876305e-07,2.1604349501691701e-07,2
2019-10-18,1.6523485880481936e-07,1.8868631708139326e-07,2.0467637145284414e-07,1.4095186330520957e-07,0.9999981485825793,1.0160320508940624e-07,8.577250797420698e-08,3.5878155666844285e-07,3.901168206943124e-07,2.1559391968825063e-07,2
2019-10-25,1.6331788319173097e-07,1.8688117854487906e-07,2.0322010363157875e-07,1.4251810492586605e-07,0.9999981559350639,1.0438448029880215e-07,8.631823409042197e-08,3.5470149897265455e-07,3.881326917321568e-07,2.1459076078176013e-07,2
2019-11-01,1.7714261869910942e-07,1.985680399251496e-07,2.047923595666346e-07,1.6114635864303338e-07,0.999998105134829,1.3315736104084104e-07,6.550972453333913e-08,3.4866136084669346e-07,3.892218495245899e-07,2.166654983275095e-07,2
2019-11-08,1.707063858552512e-07,1.9338444724374632e-07,1.9870572647845155e-07,1.637274728699039e-07,0.9999981425687592,1.342704574499703e-07,6.425962194696957e-08,3.411788442233067e-07,3.8078049114785964e-07,2.104177935614014e-07,2
2019-11-15,1.696859454064412e-07,1.9398085808412978e-07,1.9869546876278017e-07,1.648797084211211e-07,0.9999981305578842,1.3585014536516918e-07,6.406689221583266e-08,3.45822200913012e-07,3.863039599518578e-07,2.101569366992419e-07,2
2019-11-22,1.650576699024745e-07,1.9068473559268228e-07,1.9511659689874031e-07,1.6026160974918219e-07,0.9999981512178092,1.3678313812694606e-07,6.333830551205928e-08,3.5043172058927144e-07,3.817230784856792e-07,2.0538533601139898e-07,2
2019-11-29,1.5322589063285068e-07,1.7102177868462512e-07,1.7233407756907641e-07,1.2492305490781883e-07,0.9999984712821985,5.097841318998987e-08,3.5432769206355734e-08,2.9751347098951327e-07,3.473511881932131e-07,1.7593715807641993e-07,2
2019-12-06,1.5800303512003726e-07,1.7586048011128685e-07,1.7705714410394517e-07,1.2742857896348208e-07,0.9999984329586319,5.058512267818833e-08,3.6077784241494134e-08,3.0358177284495194e-07,3.568176093239426e-07,1.8162984073609645e-07,2
2019-12-13,1.5383990562823926e-07,1.7540027494055792e-07,1.763118156902949e-07,1.286203906388712e-07,0.9999984277751223,4.976319518435074e-08,3.584741726572991e-08,3.1251732862012785e-07,3.6088896395860206e-07,1.7903558584922856e-07,2
2019-12-20,1.580555117358434e-07,1.8128105860768515e-07,1.8127342459006646e-07,1.3336239622222175e-07,0.9999983753725921,5.060812963949068e-08,3.738867876056957e-08,3.248943894411876e-07,3.746428824843739e-07,1.8312093650330377e-07,2
2019-12-27,1.5125811320006974e-07,1.851824177135359e-07,1.6942774176012076e-07,1.265676849296634e-07,0.9999981730480472,2.7750176209392974e-08,1.0321402363923021e-07,4.4579434854824914e-07,4.4935143890904985e-07,1.6840600770960887e-07,2
2020-01-03,1.523986825586999e-07,1.927364164356648e-07,1.7019239973207505e-07,1.2662158170325323e-07,0.9999981772719108,2.7603768804551954e-08,1.0244385078893001e-07,4.399239922983106e-07,4.4467632244197696e-07,1.6613107452484978e-07,2
2020-01-10,1.542269009688846e-07,1.964967314310577e-07,1.7306037403989355e-07,1.2814518408984017e-07,0.9999981469069938,2.769811064228373e-08,1.0314376488183674e-07,4.514868722869622e-07,4.5353829394472774e-07,1.6529677402633333e-07,2
2020-01-17,1.483350323749211e-07,1.899540927128688e-07,1.684990486728202e-07,1.284212032838449e-07,0.999998178483105,2.769990971954089e-08,9.892720301429951e-08,4.5311029724431906e-07,4.4732293336597266e-07,1.5924717470101044e-07,2
2020-01-24,1.428377518220285e-07,1.7817619670703607e-07,1.603478974799301e-07,1.1351285190911706e-07,0.9999983435994158,2.5662012992985908e-08,9.938383423010314e-08,3.6098855656567063e-07,4.1570226679683403e-07,1.5978921551708237e-07,2
2020-02-07,1.4283775182202856e-07,1.7817619670703613e-07,1.6034789747993016e-07,1.135128519091171e-07,0.9999983435994161,2.5662012992985918e-08,9.938383423010316e-08,3.6098855656567074e-07,4.157022667968342e-07,1.5978921551708242e-07,2
2020-02-14,1.392213335040701e-07,1.750718125487363e-07,1.6236405397739398e-07,1.1295718849561277e-07,0.9999982992189288,2.903466526311316e-08,9.76944482491555e-08,3.974115668278278e-07,4.2650002663372724e-07,1.6052597568572826e-07,2
2020-02-21,1.6476291770421106e-07,2.1049770706199538e-07,1.8445662954558387e-07,1.5653824242040757e-07,0.9999979742397553,3.293682112202461e-08,1.4080024017141365e-07,4.861171938624857e-07,4.6534350067595204e-07,1.843069919852083e-07,2
2020-02-28,1.6203230077709792e-07,2.0808548683205017e-07,1.8823545406963383e-07,1.5923112765961448e-07,0.9999979119662228,3.222896777218697e-08,1.4071318017525815e-07,5.183591223806215e-07,4.966285435511451e-07,1.8251959386007853e-07,2
2020-03-06,1.5986014439021585e-07,2.0521868012470412e-07,1.8681070057159519e-07,1.575459259679345e-07,0.9999979153767259,3.2527918639798845e-08,1.4016321687296888e-07,5.00729496833433e-07,5.183617082435881e-07,1.834054823517394e-07,2
2020-03-13,1.5476762086022554e-07,2.025974603061489e-07,1.826778700908062e-07,1.5219690196439607e-07,0.9999980029199573,3.198300710005306e-08,1.3562981349962017e-07,4.6852459670639473e-07,4.934151734301423e-07,1.7528759878061392e-07,2
2020-03-20,1.441741080574855e-07,1.775292392194572e-07,1.638675882346713e-07,1.3601261502536077e-07,0.9999981074125207,2.874883734208342e-08,9.5677824243958e-08,3.7429239607879175e-07,6.086695723431254e-07,1.6361529885910298e-07,2
2020-03-27,1.450864948879434e-07,1.7735095137946758e-07,1.6312607840216922e-07,1.330956609542287e-07,0.999998119239911,2.9610566366970655e-08,9.408234564383921e-08,3.7344396796483054e-07,5.963804779375769e-07,1.6858354547747908e-07,2
2020-04-03,1.403914917567982e-07,1.718643508291401e-07,1.5703341462155462e-07,1.2826116234706812e-07,0.9999982193246757,3.019401572422436e-08,9.243439954686444e-08,3.4462080199714007e-07,5.506234842651983e-07,1.652522032268116e-07,2
2020-04-10,1.348835022924291e-07,1.640419836290967e-07,1.5009549205188647e-07,1.201367657480075e-07,0.9999983122842374,2.917384317833235e-08,8.733272956261676e-08,3.323215513183693e-07,5.116297653344038e-07,1.5810012947086057e-07,2
2020-04-17,1.5309042336372776e-07,1.9410911777301276e-07,1.5494853643927624e-07,1.60003570156271e-07,0.9999981848894176,3.2498656373181436e-08,1.54352178608354e-07,3.526961364295808e-07,4.3749920995501317e-07,1.7591275324362052e-07,2
2020-04-24,1.5337448724421111e-07,1.9665044440285175e-07,1.5875324371124502e-07,1.6222760484167653e-07,0.9999981627428545,3.317104579198285e-08,1.5543165886381994e-07,3.6311885940855187e-07,4.390500615286177e-07,1.754797397427166e-07,2
2020-05-01,1.45657778340215e-07,1.8894847324427986e-07,1.5269174128846286e-07,1.5736610038790096e-07,0.9999982444678462,3.218147053420453e-08,1.476600887669968e-07,3.442136780326817e-07,4.176876756612355e-07,1.6912514761392424e-07,2
2020-05-08,1.45657778340215e-07,1.8894847324427986e-07,1.5269174128846283e-07,1.5736610038790094e-07,0.9999982444678461,3.218147053420453e-08,1.476600887669968e-07,3.442136780326817e-07,4.1768767566123544e-07,1.6912514761392424e-07,2
2020-05-15,1.5278661600057703e-07,1.8610423281390623e-07,1.5380121442131638e-07,1.5518352816347924e-07,0.9999983453453207,3.1506017840632925e-08,1.38103999993187e-07,3.0368091517136457e-07,3.7000198611945797e-07,1.634861687265925e-07,2
2020-05-22,1.529528834622541e-07,1.8496253603422518e-07,1.5379020080046346e-07,1.5659094672935695e-07,0.9999983353234972,3.182399529374469e-08,1.368815329469262e-07,3.098862165079146e-07,3.7364382982503934e-07,1.6414436113472462e-07,2
2020-05-29,1.5251315001524897e-07,1.8465087614809122e-07,1.5129516864674775e-07,1.5530813316566422e-07,0.9999983783515402,3.1717897602961565e-08,1.3534240577115604e-07,2.942804048466468e-07,3.5411038567478054e-07,1.6243003805497129e-07,2
2020-06-05,1.4805752987900386e-07,1.8216748855864194e-07,1.4848811586122715e-07,1.5737739097700272e-07,0.9999984231452734,3.151574196594966e-08,1.330306853759935e-07,2.840873014103518e-07,3.3213255130056343e-07,1.5999792118108043e-07,2
2020-06-12,1.477846506990077e-07,1.7906255282858818e-07,1.513792244654632e-07,1.5395007713495753e-07,0.999998476549239,3.0862483471302215e-08,1.1329466402218502e-07,2.856450307469699e-07,3.057961414919567e-07,1.5567593620524286e-07,2
2020-06-19,1.460120321255653e-07,1.7827964351884692e-07,1.5143527450923882e-07,1.5531410812558415e-07,0.999998483355892,3.165695392902876e-08,1.1126151749115914e-07,2.8752691987612565e-07,3.023848397430704e-07,1.5277281889722152e-07,2
2020-06-26,1.4337244869920106e-07,1.7731272488147503e-07,1.4815231024513629e-07,1.5299781759700346e-07,0.9999984941372706,3.250659041445686e-08,1.0863984646421562e-07,2.878654420464908e-07,3.0526735136212067e-07,1.497481974371854e-07,2
2020-07-03,1.433724486992011e-07,1.7731272488147508e-07,1.4815231024513634e-07,1.5299781759700351e-07,0.9999984941372709,3.250659041445687e-08,1.0863984646421566e-07,2.878654420464909e-07,3.052673513621208e-07,1.4974819743718544e-07,2
2020-07-10,1.47631839637865e-07,2.0017996639233864e-07,1.6761094314500895e-07,1.6865627393132274e-07,0.9999980644557351,3.4671229858403084e-08,1.834921892873851e-07,4.0554447830171267e-07,4.69071734508875e-07,1.586856096459241e-07,2
2020-07-17,1.422095456731378e-07,2.0006696848049779e-07,1.6936840692828382e-07,1.6778210316804e-07,0.9999980651250517,3.4405225437951766e-08,1.809822566344157e-07,4.17375011112368e-07,4.7045902696472077e-07,1.5222640399150139e-07,2
2020-07-24,1.3636373796994094e-07,1.989628443243e-07,1.6508915373940444e-07,1.6210167594468636e-07,0.9999981616839544,3.4350828010993627e-08,1.7073133510867593e-07,3.8587327780509526e-07,4.3220594379620396e-07,1.5263724892140182e-07,2
2020-07-31,1.3947106946856836e-07,2.0444102155549474e-07,1.6877733638403828e-07,1.642948884661166e-07,0.9999981679305204,3.4881842663843607e-08,1.6920206581764308e-07,3.7660259307737043e-07,4.21714958499586e-07,1.5268370366281977e-07,2
2020-08-07,1.5159961699999422e-07,2.02829565274888e-07,1.6527872419129925e-07,1.7335268900763062e-07,0.9999982709800713,3.489168225989679e-08,2.0138787837401561e-07,3.444228238511088e-07,3.0049810045063615e-07,1.5475884821891778e-07,2
2020-08-14,1.5164167040919531e-07,2.1267748772865375e-07,1.715312482900508e-07,1.776328080099501e-07,0.9999982433442182,3.509110027412568e-08,2.0659711651666517e-07,3.4268909723162864e-07,3.0302703117657456e-07,1.5576822225032593e-07,2
2020-08-21,1.5269624285329534e-07,2.0200954369225436e-07,1.7033092803481946e-07,1.755559145880017e-07,0.9999982623341257,3.290965399790517e-08,2.086513507825277e-07,3.370542145307474e-07,3.0014756703412014e-07,1.5831045886496084e-07,2
2020-08-28,1.5051255132958894e-07,2.015142406170845e-07,1.6606056186786254e-07,1.7115176481611398e-07,0.9999982932548236,3.228495154139978e-08,2.0567755627126378e-07,3.27407694542164e-07,2.9061713968020344e-07,1.6151871575370024e-07,2
2020-09-04,1.385841749743185e-07,1.7782797680941713e-07,1.5260530286744813e-07,1.476607677868868e-07,0.999998477035187,2.95359463857901e-08,1.677965456460896e-07,3.0114172360109546e-07,2.6744608468180653e-07,1.4036629036744953e-07,2
2020-09-11,1.4017049102887612e-07,1.810325383864493e-07,1.5526714599751765e-07,1.5186500984089735e-07,0.999998454806412,2.951546348082068e-08,1.676890467191506e-07,3.0526174213668215e-07,2.7044842693512014e-07,1.4394372329933068e-07,2
2020-09-18,1.4600111371330693e-07,1.8426433346960817e-07,1.5972143674494634e-07,1.5563020636250994e-07,0.999998427808438,2.9255455451405466e-08,1.7474633894350434e-07,3.0506711950690406e-07,2.6555986122855784e-07,1.5194569658137473e-07,2
2020-09-25,1.5326235842042402e-07,1.9320891973176224e-07,1.6787849459772998e-07,1.6516185156737583e-07,0.9999983655959022,2.9081701446719263e-08,1.8433231743874623e-07,3.133104738858452e-07,2.7262006572193416e-07,1.5554791498342292e-07,2
2020-10-02,1.4321304527467453e-07,1.8730782619467962e-07,1.593149889182456e-07,1.5163990273518951e-07,0.9999984152112343,2.8764899993403507e-08,1.7378305646182553e-07,3.131614489359618e-07,2.7973017329372744e-07,1.478734238236029e-07,2
2020-10-09,1.4321304527467455e-07,1.8730782619467965e-07,1.5931498891824563e-07,1.5163990273518951e-07,0.9999984152112344,2.876489999340351e-08,1.7378305646182556e-07,3.1316144893596187e-07,2.797301732937275e-07,1.478734238236029e-07,2
2020-10-16,1.4082073874120374e-07,1.8425069607486266e-07,1.610703743637677e-07,1.4978324681881156e-07,0.9999984277194016,2.8550221104646065e-08,1.6829746153357524e-07,3.171374892570009e-07,2.7764065809490813e-07,1.4472971231951066e-07,2
2020-10-23,1.4118152806898706e-07,1.8425005265053068e-07,1.5849337328839708e-07,1.4938747557642465e-07,0.999998454068253,2.8674205132425186e-08,1.6992096330595582e-07,3.048260095641095e-07,2.661321230875051e-07,1.4306601642914583e-07,2
2020-10-30,1.3606873654273673e-07,1.6129246634760542e-07,1.4363139162411911e-07,1.2445365189526717e-07,0.9999986966256387,2.464756233832285e-08,1.3363508645300454e-07,2.2866679898822918e-07,2.1501934165794832e-07,1.359593254879526e-07,2
2020-11-06,1.3129073424574016e-07,1.5821361606901746e-07,1.4294946440480761e-07,1.2687792763885724e-07,0.9999987216453133,2.5265372108370237e-08,1.2590288650784506e-07,2.2740848029030044e-07,2.076458956627491e-07,1.3280030982578167e-07,2
2020-11-13,1.333069155002891e-07,1.6607153193959517e-07,1.4476788215192445e-07,1.3561273092011917e-07,0.9999986880053692,2.4340849838443796e-08,1.2652285723185927e-07,2.3378069222882263e-07,2.135609913783506e-07,1.340301797082659e-07,2
2020-11-20,1.364920783102294e-07,1.7258055237329241e-07,1.455569441969998e-07,1.3340338921154963e-07,0.9999986860827563,2.4088487171985448e-08,1.2517772151985652e-07,2.3007483128906974e-07,2.129636387793879e-07,1.335796008944404e-07,2
2020-11-27,1.2592163032790322e-07,1.401487911028622e-07,1.335750006472126e-07,9.322871307754384e-08,0.9999988741393715,2.1728838888250778e-08,1.1726512481761024e-07,1.8885750053296117e-07,1.8089949531628613e-07,1.242355337570006e-07,2
2020-12-04,1.3305992474417066e-07,1.403632925331863e-07,1.360662297847344e-07,9.266784482559733e-08,0.9999988576883262,2.130838475473473e-08,1.2273021387552898e-07,1.872896572813806e-07,1.8124591943437602e-07,1.2758020652241621e-07,2
2020-12-11,1.2723796648944025e-07,1.3583319882951834e-07,1.336250040216848e-07,9.052612136813857e-08,0.9999988860377761,2.199745745992179e-08,1.1996811905606282e-07,1.8651586253420788e-07,1.7648755263529554e-07,1.2177094129831183e-07,2
2020-12-18,1.2547070495146058e-07,1.3183440790898976e-07,1.2998837060935387e-07,8.70070153015819e-08,0.9999989271170431,2.144381770457515e-08,1.1378768242642755e-07,1.7888489998182448e-07,1.676456646157879e-07,1.168203934094014e-07,2
2020-12-25,1.3104002507010375e-07,1.443285991571184e-07,1.3883117885282206e-07,1.0900708982969156e-07,0.9999988440145472,2.2124664934482607e-08,1.318118195915813e-07,1.8329454802510492e-07,1.690763495499271e-07,1.2647117786524874e-07,2
2021-01-01,1.2751320821157866e-07,1.468840523021685e-07,1.444044554103007e-07,1.0961078864582878e-07,0.9999988461402817,2.243652214644178e-08,1.2770400263867375e-07,1.823597366806954e-07,1.6478923862237712e-07,1.2815771361780047e-07,2
2021-01-08,1.2751320821157864e-07,1.468840523021685e-07,1.4440445541030068e-07,1.0961078864582877e-07,0.9999988461402816,2.2436522146441777e-08,1.2770400263867372e-07,1.8235973668069536e-07,1.647892386223771e-07,1.2815771361780047e-07,2
2021-01-15,1.1482967748786821e-07,1.433526221005916e-07,1.389921666573202e-07,1.0577537266791121e-07,0.9999989244621224,2.071512061874022e-08,1.1699439012199319e-07,1.7333854051712035e-07,1.5106156565324654e-07,1.1047842190592748e-07,2
2021-01-22,1.2923362403516157e-07,1.4293040630814245e-07,1.443716288311433e-07,9.713611309305029e-08,0.9999988038593302,2.311626385688527e-08,1.4595992129724477e-07,2.0145034676627744e-07,1.841852581415235e-07,1.2775710739660646e-07,2
2021-01-29,1.2806450456866102e-07,1.5031168735938248e-07,1.50756241703941e-07,9.870361951401632e-08,0.9999987906356002,2.4964251159474164e-08,1.4389483852528619e-07,2.0528395074810096e-07,1.8306597517359797e-07,1.2431933127908486e-07,2
2021-02-05,1.2201222055307291e-07,1.427116532630868e-07,1.4336941492329184e-07,9.496687539109159e-08,0.9999988485536735,2.338620073772844e-08,1.3943554572534928e-07,1.9059569379584634e-07,1.704876872464186e-07,1.2448103476877553e-07,2
2021-02-12,1.1551809577890608e-07,1.3675691107578534e-07,1.3546585379475452e-07,9.309339599913022e-08,0.9999989209653961,2.3366018495434234e-08,1.3502583399644523e-07,1.7240884600596472e-07,1.5477182729167676e-07,1.1262782125972659e-07,2
2021-02-19,1.2561751010068035e-07,1.4857867719688539e-07,1.4576980465065057e-07,1.0225948995029787e-07,0.9999988308580664,2.437436036952139e-08,1.470359040284487e-07,1.8087610145597124e-07,1.6969998588718367e-07,1.2493010010206894e-07,2
2021-02-26,1.3220985934241633e-07,1.593944582867891e-07,1.450784308252909e-07,9.979108865276078e-08,0.9999988221773358,2.361303524570741e-08,1.4284145076171658e-07,1.8092465993261874e-07,1.7169254306483782e-07,1.2227713806919976e-07,2
2021-03-05,1.4460515245216671e-07,1.6920638028153836e-07,1.5533085299081573e-07,1.0236325637885496e-07,0.9999987226539397,2.4308776766173816e-08,1.5883851131822259e-07,1.945799410580641e-07,1.882555631482492e-07,1.3985762598543365e-07,2
2021-03-12,1.5501175189750548e-07,1.714460306597954e-07,1.594085199165139e-07,1.0661277865625162e-07,0.9999986614628222,2.4628217158732284e-08,1.6595556041769447e-07,2.0595660072895153e-07,1.986238369306963e-07,1.5089388146479289e-07,2
2021-03-19,1.6073297810060378e-07,1.8104536599262665e-07,1.6950798549091603e-07,1.0828128976721161e-07,0.9999985475528976,2.478028928383876e-08,1.8770935054538096e-07,2.2197673480396158e-07,2.2406695175359947e-07,1.743461566313863e-07,2
2021-03-26,1.5881400682643247e-07,1.7853134440685102e-07,1.6902575459680322e-07,1.0913070767894043e-07,0.9999985617021484,2.4675354673923263e-08,1.8452358486666407e-07,2.1506380133320745e-07,2.2332932173623887e-07,1.7520397551882068e-07,2
2021-04-02,1.5246162729889374e-07,1.677729015910336e-07,1.6691141264745305e-07,1.0802271907979028e-07,0.999998580357829,2.5298399935683608e-08,1.8278535388566966e-07,2.1603398079449964e-07,2.2308920092056806e-07,1.7726657482007963e-07,2
2021-04-09,1.4753333892604207e-07,1.6264609068305867e-07,1.607766572242205e-07,1.0555727072662425e-07,0.9999986335476062,2.4715402088683505e-08,1.7261917794191117e-07,2.1194805490652952e-07,2.1286215979899883e-07,1.6779424149285012e-07,2
2021-04-16,1.6294701746030348e-07,1.9398677216251602e-07,1.735863384159403e-07,1.2138023105179457e-07,0.9999984942326713,2.6369061934578645e-08,1.976747593585781e-07,2.2645508988364203e-07,2.1769035438248366e-07,1.8567770391091944e-07,2
2021-04-23,1.6441742967461418e-07,1.908122559873749e-07,1.704573411945712e-07,1.197288224573593e-07,0.99999850903524,2.5853876613648012e-08,1.9387708831145347e-07,2.252642884477415e-07,2.189144140792016e-07,1.8163924314412015e-07,2
2021-04-30,1.5386078891941395e-07,1.8870651969538274e-07,1.6658798360996457e-07,1.1694119284036231e-07,0.9999985568760447,2.6356912216153584e-08,1.8778863701278614e-07,2.2361854410624485e-07,2.0938063981425772e-07,1.6988273717494225e-07,2
2021-05-07,1.528630594631288e-07,1.8822964902209264e-07,1.6525908662215357e-07,1.1664228796001468e-07,0.9999985783963441,2.7638748547462652e-08,1.8474966326507902e-07,2.1981808108567592e-07,1.9984318159453456e-07,1.66559898395402e-07,2
2021-05-14,2.2440760699004068e-07,2.9505742790898216e-07,2.2062459180512345e-07,1.714179437262301e-07,0.9999980455325043,3.234856487303694e-08,2.5269539315959355e-07,2.8118733659498026e-07,2.524015839027726e-07,2.2432704673840836e-07,2
2021-05-21,2.1672041279193423e-07,2.7473065205455703e-07,2.1494735460315476e-07,1.6770735469997743e-07,0.9999980962823145,3.394377919003455e-08,2.5123539823028454e-07,2.7659780271993057e-07,2.495942283667009e-07,2.1824070303286616e-07,2
2021-05-28,2.0916001256945127e-07,2.7125721035189777e-07,2.143527705425045e-07,1.7018617671601182e-07,0.9999981200319908,3.298659595590855e-08,2.4279079718309247e-07,2.7602842925450294e-07,2.446167170395007e-07,2.1858929957409683e-07,2
2021-06-04,2.0699446255126076e-07,2.706443531560883e-07,2.126912006520734e-07,1.6850835864433282e-07,0.9999981262962784,3.2303177493860014e-08,2.476112046887357e-07,2.80483188399463e-07,2.4463689333141123e-07,2.0983088251314155e-07,2
2021-06-11,2.205382115497308e-07,2.832083988488171e-07,2.2068024779797564e-07,1.8000221441777164e-07,0.9999980838919045,3.347165803751856e-08,2.4918439158531745e-07,2.643201993239167e-07,2.4563411483576286e-07,2.1906865905827933e-07,2
2021-06-18,2.401231408635924e-07,2.958975270328431e-07,2.3484282667548364e-07,1.892629740933527e-07,0.9999979796411483,3.4840139094763857e-08,2.5478475102840073e-07,2.79651372409094e-07,2.610060571301329e-07,2.2995006323541916e-07,2
2021-06-25,2.385900800376646e-07,2.8742786856523474e-07,2.398267394417905e-07,1.917135343577923e-07,0.9999979572053576,3.452700347035949e-08,2.546484496359312e-07,2.925674497165448e-07,2.741103808137717e-07,2.2938313649734074e-07,2
2021-07-02,2.5089143671584937e-07,2.992092759866204e-07,2.493298026075869e-07,1.9395303082441462e-07,0.9999978992228927,3.563451426330662e-08,2.598809863135954e-07,3.0355817816943466e-07,2.7406893465912506e-07,2.3425094802797463e-07,2
2021-07-09,2.62783307364845e-07,3.333668596833974e-07,2.737223368826356e-07,2.0339755376031578e-07,0.9999977174781497,3.824578920728451e-08,2.7935860996040017e-07,3.505202806939497e-07,2.8901817787825996e-07,2.52108934937043e-07,2
2021-07-16,2.72100008838664e-07,3.7752883168332225e-07,2.9825747131215674e-07,2.126193641251043e-07,0.9999975621453986,3.832754346886408e-08,2.875930322336169e-07,3.785126350316304e-07,3.070444944356919e-07,2.658712203362089e-07,2
2021-07-23,2.7124069448981e-07,3.8018927934115173e-07,2.9138394997115645e-07,2.036506906083198e-07,0.9999976055951216,3.8365155081358374e-08,2.8199175053086027e-07,3.6708991930884707e-07,3.0065479883125576e-07,2.598386401686653e-07,2
2021-07-30,2.8494020915221926e-07,4.0662231390172374e-07,3.1144745709050953e-07,2.1348155547961926e-07,0.9999974932395039,3.885649759497984e-08,2.911044444933306e-07,3.8977487344415414e-07,3.068758984374133e-07,2.6365724655458893e-07,2
2021-08-06,3.5576845663333413e-07,1.4172919508459079e-06,4.466738083762573e-07,2.4335445598635603e-07,0.9999957437718894,5.0286110070303715e-08,3.008135944092513e-07,7.218083970296507e-07,4.121369410171828e-07,3.080943962368508e-07,2
2021-08-13,3.5371224783163495e-07,1.4110899602948906e-06,4.611241716252932e-07,2.4661550861993286e-07,0.9999957749930006,4.893704527617964e-08,2.9537957913417637e-07,6.937689562322634e-07,4.088005743567763e-07,3.0557895626533353e-07,2
2021-08-20,3.562067899480284e-07,1.3929857857031143e-06,4.399427202453047e-07,2.39625112299504e-07,0.9999958960475699,4.6262817154526424e-08,2.957040054136628e-07,6.457676477210424e-07,3.8687178530813834e-07,3.0058576640183435e-07,2
2021-08-27,3.7238011952694715e-07,1.473725047572e-06,4.7228948127727155e-07,2.5443299401681354e-07,0.9999956106756543,4.6928649229888435e-08,3.286404654793334e-07,6.926630717024128e-07,4.1244531978237e-07,3.358191968880919e-07,2
2021-09-03,4.0947809678206236e-07,2.934161874021792e-06,4.947067882810313e-07,1.831606413280305e-07,0.9999944532540137,3.627902135723869e-08,2.7411782378596993e-07,5.421663378064802e-07,3.3816224310649824e-07,3.345131598319701e-07,2
2021-09-10,4.402258080520364e-07,2.907236009434541e-06,4.903001661330861e-07,1.7844797774169718e-07,0.9999944557819045,3.4749455889716676e-08,2.806847188012977e-07,5.145399585005231e-07,3.3599768267516583e-07,3.6203631821822604e-07,2
2021-09-17,4.7141182354629676e-07,3.0603267534393904e-06,4.907849105965467e-07,1.7889330887637008e-07,0.9999942626346098,3.4910524950192965e-08,2.830664421194621e-07,5.195456649251054e-07,3.3218443411107534e-07,3.6624152765274425e-07,2
2021-09-24,4.802950867221146e-07,2.98092624342987e-06,4.711811931673248e-07,1.708138910593326e-07,0.9999943897067933,3.603605300214558e-08,2.7280922458271135e-07,5.025412804427337e-07,3.202665527993663e-07,3.75423681486137e-07,2
2021-10-01,5.451145750648244e-07,1.7050654774795697e-06,4.065130096347143e-07,1.6395743633617786e-07,0.9999956820335689,3.1789331749431674e-08,2.466624869362545e-07,4.055193126401116e-07,2.7468336053022895e-07,5.386614405912166e-07,2
2021-10-08,5.451145750648244e-07,1.70506547747957e-06,4.065130096347143e-07,1.6395743633617788e-07,0.999995682033569,3.1789331749431674e-08,2.4666248693625456e-07,4.055193126401117e-07,2.74683360530229e-07,5.386614405912166e-07,2
2021-10-15,4.984171061287105e-07,1.4519075784782214e-06,3.61652855305738e-07,1.5479956389308707e-07,0.9999961644184147,2.9610665050128467e-08,2.316915099024596e-07,3.739905339128895e-07,2.5106329248780924e-07,4.824484800874711e-07,2
2021-10-22,4.791719705452168e-07,1.4427482786623283e-06,3.594747516964837e-07,1.5763953001048083e-07,0.9999962537431908,2.8486262083124434e-08,2.2869587595155713e-07,3.705204825659665e-07,2.5020162920197917e-07,4.293180285444572e-07,2
2021-10-29,3.209987903377663e-07,6.774318514615128e-07,2.891981230514155e-07,1.1173517889016857e-07,0.9999975154974967,2.5349857538939016e-08,2.057544729579983e-07,3.1902414463313273e-07,2.156076503977257e-07,3.1940243389429537e-07,2
2021-11-05,2.9719449103609267e-07,6.549427430413338e-07,2.9775860344665445e-07,1.0960581162243706e-07,0.9999975509248228,2.4806583402177918e-08,1.9730284838809153e-07,3.2208591930899816e-07,2.1973081243584539e-07,3.2564736435132886e-07,2
2021-11-12,2.797734090726076e-07,6.118002803306749e-07,2.849269102502429e-07,1.0780671586330987e-07,0.9999976469122775,2.4075268410259943e-08,1.8989500562287792e-07,3.3030107451625093e-07,2.241554375744733e-07,3.003536207160403e-07,2
2021-11-19,2.8438329154725474e-07,6.429165900820914e-07,3.020205164085684e-07,1.1061688764108058e-07,0.9999975439771748,2.4891997508051557e-08,2.0190971275902215e-07,3.484313095317365e-07,2.3867150715944127e-07,3.02181012675705e-07,2
2021-11-26,2.431440502252944e-07,4.1867614925120085e-07,2.7581001330098784e-07,1.1326841618094321e-07,0.9999978423346695,2.544654060314977e-08,1.8803895387748282e-07,3.760192396359984e-07,2.4699191823720484e-07,2.7027004911590107e-07,2
2021-12-03,2.442387371186982e-07,4.304748704171047e-07,2.758118363843514e-07,1.1232027475309628e-07,0.9999978373556407,2.5848734214381045e-08,1.8552297872632664e-07,3.7045183195676004e-07,2.4649715030913375e-07,2.7147794538282946e-07,2
2021-12-10,2.55222002241476e-07,4.230254441259469e-07,2.7377361157930597e-07,1.0987798058228979e-07,0.9999978331234726,2.486865589429277e-08,1.8460974090779228e-07,3.6809657152620664e-07,2.432356132034662e-07,2.8416690732697175e-07,2
2021-12-17,2.4314888652116925e-07,4.134285128607267e-07,2.663405323594129e-07,1.1040608666072122e-07,0.9999978770618442,2.4286380842774527e-08,1.8377675762973264e-07,3.6444903121487637e-07,2.378358233013403e-07,2.792661443541277e-07,2
2021-12-24,2.8585899955558343e-07,4.6964104913073515e-07,2.716471246282887e-07,1.0395489683944867e-07,0.9999976311211618,2.4355674682789942e-08,1.9404017174640744e-07,4.030631520088597e-07,2.4812837679141065e-07,3.681893927821178e-07,2
2021-12-31,2.7433843954930755e-07,4.32868456548149e-07,2.499332189517043e-07,9.997635197188086e-08,0.9999977452765482,2.3281507928860712e-08,1.844201679732417e-07,3.892035662347741e-07,2.3761297030188026e-07,3.6308877240164846e-07,2
2022-01-07,2.739111702146818e-07,4.5259660072394685e-07,2.6470911010619394e-07,1.0418492984975146e-07,0.9999976644681373,2.4381894717076043e-08,1.9063572479949274e-07,4.042085616150629e-07,2.5168921888669026e-07,3.6921465174534e-07,2
2022-01-14,2.8436050085840474e-07,4.554691498580774e-07,2.585076492507096e-07,1.0612145404557565e-07,0.9999976697814527,2.3771762487966638e-08,1.9768363279679436e-07,3.9362871852553817e-07,2.5712461751173467e-07,3.535510620811084e-07,2
2022-01-21,3.217907860513796e-07,5.9360137864244e-07,3.1370393288234356e-07,1.153184912258476e-07,0.9999972228872699,2.8277333014602053e-08,2.1882418726314613e-07,4.907738786247265e-07,3.1436569744840853e-07,3.80457044962423e-07,2
2022-01-28,3.224531624754327e-07,5.700379696506529e-07,3.0187749297591315e-07,1.1288252973043475e-07,0.9999972862865846,2.5903280018292597e-08,2.211671251694383e-07,4.81901398207e-07,3.033208223208799e-07,3.7416963460220296e-07,2
2022-02-11,3.173316839209059e-07,5.74370280036127e-07,3.074188619380907e-07,1.1256922976436907e-07,0.9999972968535048,2.544873426929329e-08,2.2218089512234902e-07,4.7630568292335873e-07,2.9426887764062966e-07,3.7325224964345725e-07,2
2022-02-18,3.325338566439261e-07,4.453431948358991e-07,2.1492565694300787e-07,5.563939742124094e-08,0.9999978412694813,1.987954366514366e-08,1.8182756541724974e-07,3.262521018269798e-07,2.3782100522164347e-07,3.445081967416285e-07,2
2022-02-25,3.267504310852094e-07,4.4915175905350585e-07,2.172288488951998e-07,5.4463403228245107e-08,0.9999978654483068,2.055291445522144e-08,1.745866209785773e-07,3.262501004712416e-07,2.360447205730326e-07,3.295228941867603e-07,2
2022-03-04,3.36196030375261e-07,4.650300743745222e-07,2.2728382684203888e-07,5.504611982896733e-08,0.9999977932518161,2.1661412665661822e-08,1.744384633467542e-07,3.4402954991146203e-07,2.388971703155954e-07,3.441655361624261e-07,2
2014-12-05,1.2882050291922187e-05,1.2932109794406644e-05,2.7084663923228596e-05,7.171440266387063e-05,9.095039498887344e-05,0.3003607808976423,0.1866629928886459,0.5124422896889271,2.8792500400126315e-05,0.0002895804027222837,4
2014-12-12,1.3612099626552723e-05,1.2826619767886428e-05,2.673655893553922e-05,7.057314039540905e-05,9.003368696203154e-05,0.29237846200709905,0.2079783074709421,0.4991082887442518,2.8471012450225793e-05,0.00029268865956951087,4
2014-12-19,1.3228371616323067e-05,1.3421503678517984e-05,2.883371548020704e-05,7.332629153826762e-05,9.285230535935012e-05,0.29343814830901715,0.2036256134190395,0.5023726621978112,2.898240556765258e-05,0.00031293148089196087,4
2014-12-26,1.3794742546428659e-05,1.3400137250738991e-05,3.092515041046694e-05,7.162069165000698e-05,9.055884529700596e-05,0.2843191154975465,0.21881023584724285,0.49628884452265454,2.9320157193959123e-05,0.0003321844082074024,4
2015-01-02,0.0012006003339892352,0.002458698822244254,0.0070654189564656605,0.013491586929503613,0.038621533754508844,0.22034196341907547,0.39906673239081647,0.21224357063354554,0.0212328778627425,0.08427701689710845,4
2015-01-09,0.001200600333989235,0.002458698822244254,0.00706541895646566,0.013491586929503611,0.03862153375450884,0.22034196341907544,0.39906673239081647,0.21224357063354551,0.021232877862742496,0.08427701689710844,4
2015-01-16,0.0012424540613896712,0.0024626559022033244,0.007020529399981568,0.013584236993877733,0.03892059210238813,0.2215377045922525,0.4012606868091103,0.21098520195265205,0.020881727239037185,0.08210421094710758,4
2015-01-23,0.0012023154021173596,0.002365151797495103,0.00688831661081275,0.01349620908979489,0.03747314600172108,0.21950907738365402,0.39848329507757185,0.22046362335490147,0.020653602359187707,0.07946526292274379,4
2015-01-30,0.0010230230586404099,0.002776387743050293,0.006166962233803738,0.016504527644384745,0.03094537226681429,0.1831095280215626,0.4506918488207538,0.26042454434887446,0.013075121102266052,0.03528268475984979,4
2015-02-06,0.0010069898701518044,0.0028469906672774297,0.006224516645929519,0.01693223227750061,0.031740045405438524,0.1875991070391571,0.43641921518876764,0.2675854819083856,0.01329486204298804,0.03635055895440364,4
2015-02-13,0.0009759985503712184,0.0027852458178216953,0.006017019720303929,0.016985748143824555,0.031273522410361035,0.18624103947848772,0.43136876716593203,0.27667855977530803,0.013392086430394093,0.03428201250719565,4
2015-02-20,0.0009560577337106022,0.0027551773882287366,0.006017364025608901,0.01704508933408321,0.03131060943497435,0.18429873565012747,0.4294203916564215,0.2802834476152353,0.013550620756031466,0.03436250640557837,4
2015-02-27,5.572796036233946e-08,6.55125836493406e-08,1.0256020189224293e-07,2.556242259682923e-07,1.7169723278343723e-06,0.0390460156537609,0.38235488089259756,0.5785938062711987,2.2676184325992293e-08,3.078108958866994e-06,4
2015-03-06,5.6028330031048016e-08,6.607347549724398e-08,1.053871899325766e-07,2.590099481822631e-07,1.7098871848128287e-06,0.038902320137663024,0.3765920755670823,0.5845002568838145,2.3390571581256875e-08,3.1276347404763207e-06,4
2015-03-13,5.629279234430427e-08,6.814454450196792e-08,1.0624587131024194e-07,2.6307892690258313e-07,1.7574020500900944e-06,0.040280567833794696,0.36493955397863237,0.5947745007175114,2.3041932562235023e-08,3.1032639438065064e-06,4
2015-03-20,5.571077403547397e-08,6.642887253689658e-08,1.0473499075134765e-07,2.6173324206614667e-07,1.7373856819114974e-06,0.03952815099522673,0.36856757864921735,0.5918989436889608,2.2585349335507334e-08,3.0780876843971606e-06,4
2015-03-27,1.857162812640573e-07,2.1810520416841588e-07,4.6117033730743166e-07,9.418233256492379e-07,1.6190966756544196e-06,0.17207771584137627,0.3306749745869567,0.4972346094215826,4.232243807796146e-07,8.851013879674578e-06,4
2015-04-03,1.867730076070716e-07,2.1978995145986045e-07,4.764287849214919e-07,9.611589359238184e-07,1.6419101783372425e-06,0.17502544366476097,0.32131566974060716,0.5036462261414426,4.2958530969644807e-07,8.744807021153188e-06,4
2015-04-10,1.8048265390580735e-07,2.170142165146972e-07,4.729136041262376e-07,9.537556462519727e-07,1.600454879664686e-06,0.1739179171757021,0.3162068039409506,0.5098628855287011,4.3029553927587275e-07,8.53843810660771e-06,4
2015-04-17,1.7885683782301148e-07,2.123599654188066e-07,4.711037086296681e-07,9.221368890319551e-07,1.6110944518943001e-06,0.17439297731525222,0.3241543571718909,0.5014404889182595,4.2569524144163954e-07,8.35534750298687e-06,4
2015-04-24,0.0019213128627912496,0.004372519356670254,0.0224771701914237,0.03392909621401469,0.04539553540742612,0.13512186978894555,0.45758155631279374,0.22431725627527427,0.030079112238872066,0.044804571351788294,4
2015-05-01,0.0019631808328455093,0.00460368130900529,0.02281170514831204,0.035383119988400394,0.046472628855157946,0.13545290040035257,0.4396317227211821,0.23519547518227815,0.032199938751579386,0.046285646810886615,4
2015-05-08,0.0019631808328455093,0.00460368130900529,0.02281170514831204,0.035383119988400394,0.046472628855157946,0.13545290040035257,0.4396317227211821,0.23519547518227815,0.032199938751579386,0.046285646810886615,4
2015-05-15,0.001837657356393058,0.00433744434680694,0.021884996826655966,0.03508932897456605,0.04490474529617732,0.1350108309807229,0.43424694081116544,0.24550789503740816,0.03209398166793823,0.045086178702165934,4
2015-05-22,2.0091434144624013e-07,2.422315612441128e-07,1.978321154060865e-06,4.187489559749516e-06,2.61919849176256e-06,6.662850098159345e-06,0.2595345960770391,0.6790074920437278,6.566497661523364e-07,0.06144136422426064,4
2015-05-29,1.9837621835759547e-07,2.3853128358876657e-07,1.989867716766232e-06,4.24577508133743e-06,2.6279816640054524e-06,6.812178162256731e-06,0.25252592145487956,0.6865925685522928,6.698242430408979e-07,0.06086472745845815,4
2015-06-05,1.930087610393043e-07,2.3761449405167493e-07,1.9670365393672282e-06,4.18702103909879e-06,2.57950208320961e-06,6.845357286001819e-06,0.23728864144786976,0.7018130578290427,7.059497241705856e-07,0.0608815852331606,4
2015-06-12,2.007328487929233e-07,2.451181280494805e-07,2.0007925472180772e-06,4.207324784720602e-06,2.5436664863226557e-06,6.755094750523546e-06,0.2371485507424657,0.7000190516508852,7.056778209036864e-07,0.06281573919928266,4
2015-06-19,1.0346084789181073e-06,1.1611540022492104e-06,3.6183926278865746e-06,1.031728362997262e-05,4.737091747733155e-06,4.00221185446613e-05,0.0804363729870008,0.6371198408555679,3.8522786708859984e-06,0.2823790432297289,4
2015-06-26,1.0492634609056547e-06,1.1660422570857005e-06,3.563182772867014e-06,1.043232256870348e-05,4.7151941625649515e-06,4.0136602027322454e-05,0.08138973947464669,0.6244897096138919,3.724720297995796e-06,0.294055763583914,4
2015-07-03,1.1066474074737566e-06,1.1772426186884349e-06,3.659395537510682e-06,1.0448442315514241e-05,4.962977062283287e-06,4.068945837168964e-05,0.08503170839405852,0.6031460967610227,3.6877039879853314e-06,0.3117564629776176,4
2015-07-10,1.1448372439747438e-06,1.1411982144776873e-06,3.5010810190098456e-06,1.0711368765115937e-05,5.101586266552383e-06,4.288725111299179e-05,0.09442954561557174,0.6057380504530393,3.542474001242288e-06,0.29976437413476564,4
2015-07-17,0.0019353948905369983,0.0031735468355600788,0.008689415610633341,0.024347933676061348,0.021861405361808986,0.27789309708766,0.347431162877539,0.20230540915346665,0.01838186302569088,0.09398077148104271,4
2015-07-24,0.0018698568102916554,0.0031983287651082158,0.00884587519610421,0.02449491469838725,0.021849027279563945,0.28867521898705284,0.32130123574842023,0.21561824968485216,0.020545563889363048,0.09360172894085637,4
2015-07-31,0.001909976953157109,0.00325446655453101,0.009159715010180319,0.02476730685717068,0.021965987952766546,0.29047835181343057,0.31020651241359615,0.21998557417584258,0.022944207880944933,0.09532790038838018,4
2015-08-07,0.001839782334107687,0.0032828135200476177,0.009072754298786992,0.024921987829419717,0.02239108158697671,0.2935829267511818,0.30823170888736917,0.21701074064529835,0.02204711577891376,0.09761908836789827,4
2015-08-14,0.0014792912558216492,0.0011846403603988087,0.0012472305573587306,0.011228454057533158,0.007481250273796078,0.18156574699113048,0.14830583989575333,0.24140570355223687,0.026002939594975197,0.3800989034609958,4
2015-08-21,0.001506879751530888,0.001194560521038596,0.0012622461541754787,0.011473874955950848,0.007494963321060165,0.17875582403244114,0.1449248249948863,0.2414021074685191,0.02633379415602307,0.38565092464437434,4
2015-08-28,0.0014701281907170292,0.0012125407103023914,0.0012343142500639333,0.01129807083373769,0.007581958640718006,0.18166891492435802,0.14475566357808198,0.2387592281637072,0.026123893470733937,0.3858952872375798,4
2015-09-04,0.001419025347264307,0.0011819752548443809,0.001229259173278718,0.011529680370302718,0.007897723809911413,0.18484949297999367,0.15062692152473225,0.22911370630638442,0.025165801494895095,0.38698641373839293,4
2015-09-11,0.0013655490335479081,0.0025861130697039103,0.0058577477919787985,0.02938306078951415,0.03276282175106249,0.1425303172811046,0.2398086225442323,0.09004834093445771,0.04485857702611953,0.4107988497782787,4
2015-09-18,0.0013644950934506525,0.0025283711825058244,0.005770818084470123,0.028399334958271013,0.031151052260792723,0.14011459372223278,0.24420207557541976,0.08791757669751891,0.04279592706454658,0.4157557553607916,4
2015-09-25,0.0013849612104168344,0.0024529357154893946,0.005812372226721131,0.02809861250860956,0.03151680665204666,0.13912369130879676,0.25101737879792335,0.08584407863992433,0.04112522937131067,0.4136239335687612,4
2015-10-02,0.0014016875800222798,0.0024682132673740924,0.0059055440974982235,0.028512292352292284,0.03194226124390072,0.1420632684273455,0.25456847156240203,0.08823136365950744,0.04263597927055893,0.40227091853909847,4
2015-10-09,0.003278946112528519,0.005705337571874386,0.01690920570407778,0.03733457369294198,0.03824505766451666,0.1466335554668531,0.40526245429255225,0.09011762939348983,0.05360014530317608,0.2029130947979894,4
2015-10-16,0.0031735940220452836,0.005731977665613256,0.016837790924910417,0.03783500395354437,0.03809415395110709,0.14902708098728493,0.3993411354286306,0.0939593138132326,0.05528980155762008,0.2007101476960114,4
2015-10-23,0.0031662207762617497,0.005802073245334783,0.01711709516408298,0.038149121290314565,0.03813454489972819,0.1459018886824253,0.3949281930125682,0.09909679208278117,0.057049105648225795,0.20065496519827733,4
2015-10-30,0.0030527184696966287,0.005714230121678061,0.01681285088405731,0.038104741393167614,0.03776584962368231,0.15184966648045742,0.3941813799935911,0.0991987827849528,0.05718147077620045,0.19613830947251631,4
2015-11-06,0.0018688480268144944,0.0033062044319638745,0.008878952958558714,0.03266171827566379,0.027171043915082904,0.26329636986188504,0.3293352314096727,0.08082106479957767,0.055752592874780044,0.19690797344600086,4
2015-11-13,0.0018468999530522954,0.0032877446182252848,0.008759584017913892,0.03216774412731961,0.026467099339818466,0.2554049140995905,0.3404668127990393,0.08168519656733153,0.05575844678644057,0.19415555769126863,4
2015-11-20,0.0018229039896576048,0.0033029357639489483,0.008694832907270866,0.03207628925082276,0.026084563504456582,0.2567149804395363,0.33858722634356747,0.0822340876382244,0.05519208389329426,0.1952900962692209,4
2015-11-27,0.001830161026102643,0.0033532625674210456,0.008749051570342909,0.032066293768031814,0.026079393930579755,0.25644044862930954,0.33815971194809796,0.08425816062809129,0.05798464375810552,0.19107887217391753,4
2015-12-04,0.003871206786573829,0.007626981713646605,0.015991174423573243,0.0483332246908598,0.03070253356077851,0.10981236276436422,0.48144579320421477,0.10045068376054556,0.07226019859002138,0.12950584050542233,4
2015-12-11,0.003800779545224395,0.007562780675676047,0.015539608367274874,0.04820501652144085,0.030495842544107688,0.10931794252093457,0.4880510296968287,0.09848655313293803,0.06964673823655206,0.12889370875902298,4
2015-12-18,0.003704787167657765,0.007506836045690155,0.01520723934615753,0.04865054448089305,0.030094757216225676,0.11021800337640374,0.48924902418687805,0.09877575784029415,0.07071749046694614,0.12587555987285368,4
2015-12-25,0.0036761595571866827,0.007504167611567847,0.015185309413706013,0.04847780911329471,0.030137246294045857,0.1102051572702341,0.49010910084987347,0.09869370144789737,0.07174155359889534,0.12426979484329868,4
2016-01-01,0.004050503025715246,0.007787852683121432,0.013836483910814198,0.05934826555637809,0.03239030140587405,0.13574890588302094,0.513681994667343,0.08056659984907796,0.060086013784866235,0.09250307923378892,4
2016-01-08,0.004050503025715246,0.007787852683121432,0.013836483910814198,0.05934826555637809,0.03239030140587405,0.13574890588302094,0.513681994667343,0.08056659984907796,0.060086013784866235,0.09250307923378892,4
2016-01-15,0.004463039673180084,0.007896462080130442,0.013542523108080658,0.05773216716491117,0.03326582480712598,0.13157398570428466,0.5191842388329322,0.07660988187712772,0.062061477793429395,0.09367039895879777,4
2016-01-22,0.004309455323848587,0.007674423871039994,0.013237650233027221,0.057180611813915955,0.03323117044691959,0.13142503560373014,0.5257967446508763,0.0769180072824461,0.05753217950472145,0.09269472126947449,4
2016-01-29,0.003997896959580756,0.007413495291313854,0.01092564041038091,0.04054799896986219,0.04128917647661336,0.15275182710297663,0.503662132885269,0.0934068867137226,0.06171089260391929,0.08429405258636152,4
2016-02-05,0.004072586643318562,0.007219859799173575,0.010482267037903156,0.03992790244323389,0.042056995668891914,0.15216480379872316,0.5109446425325611,0.09216057152367993,0.05962454361126759,0.081345826941247,4
2016-02-19,0.003975895411061625,0.00734421280370005,0.010569898184948705,0.04058930440512711,0.0423636659462021,0.15615940814987578,0.5047602161551583,0.09412428632404092,0.05873234774249048,0.08138076487739494,4
2016-02-26,0.004358964567712675,0.007420113578971009,0.011349270794020677,0.03715372030075398,0.042480323059756575,0.18723376818755888,0.5255854589167043,0.08645410294887464,0.04346692861690685,0.05449734902874043,4
2016-03-04,0.004558534193321534,0.007599987632793236,0.011112762419824724,0.03680291033887484,0.04312126523888482,0.1843859639529052,0.5313327020150653,0.0834928056974188,0.0418178096133304,0.05577525889758104,4
2016-03-11,0.004672902606700641,0.007632346495551179,0.010907288358131026,0.03562715702630394,0.04344099420208557,0.17584574442436043,0.5490998175308103,0.078098553246509,0.040089817551345754,0.05458537855820213,4
2016-03-18,0.004558622895416205,0.007524753430078083,0.010868906562041897,0.035936324972517864,0.04345106985733515,0.17800820159306383,0.5453079061528886,0.07882944619731795,0.04092334955315404,0.054591418786186396,4
2016-03-25,0.004324349090210504,0.007558517071395064,0.011061115646558817,0.03274181382965603,0.05166156445614881,0.19125681012016935,0.5288188496002707,0.07466361655723792,0.044221170544343755,0.05369219308400898,4
2016-04-01,0.004204349648503088,0.007436317441399256,0.011131870553129607,0.033065271584033405,0.05259706028043125,0.1905973036514876,0.5281086825858006,0.07528316404185674,0.04408351087413241,0.05349246933922606,4
2016-04-08,0.0042976687450420065,0.007583200534502424,0.01117680059342706,0.03283762568424797,0.052697465970218155,0.19046703183610403,0.5277053337266535,0.07510224293938698,0.04432575075324203,0.05380687921717573,4
2016-04-15,0.004337188738465273,0.007654399951817016,0.011201486442128707,0.033191460989744064,0.05270350677024648,0.19361287518910617,0.5225527995439475,0.0761625440982982,0.045038316956171824,0.05354542132007484,4
2016-04-22,0.0035525346479194017,0.005980672038292521,0.009506841131298918,0.03126274411926255,0.05214706322739228,0.24148377349868133,0.47704817802071064,0.09313890428292992,0.045460623908271956,0.04041866512524059,4
2016-04-29,0.003548953747662416,0.005932917513782474,0.009243899564313618,0.030943514375341784,0.052322876257769664,0.23691392743867404,0.4861318250312557,0.09036582168264912,0.04444045361998856,0.040155810768562575,4
2016-05-06,0.003577010137908134,0.005883734646788389,0.009175817178189294,0.031106343248177456,0.05360942073120051,0.2375961327976725,0.4831928205904523,0.09077578212110896,0.04505693120754889,0.040026007340953566,4
2016-05-13,0.0034592609265110185,0.005856517132735865,0.009219031088064001,0.031209973244096197,0.054402423190368365,0.23828755248854963,0.48122971970969325,0.0916117907967266,0.0449095159331766,0.03981421549007845,4
2016-05-20,0.0037296433246435876,0.006506229835619673,0.01000442560697988,0.03166878231153333,0.07169415197146269,0.2229788977530447,0.4890687034459993,0.08751131611476862,0.04318061536731766,0.03365723426863067,4
2016-05-27,0.0037221590682715326,0.006511384039182648,0.009905384760463327,0.031496092566816486,0.07080324207839157,0.22264276489110305,0.4901700357527046,0.08906197320359792,0.04247265860368158,0.0332143050357873,4
2016-06-03,0.0037320954730229497,0.006492497149787368,0.009873166343065285,0.03169505649874898,0.06999373869512972,0.221654344453582,0.48974115661874973,0.0904701423640772,0.04315791176677239,0.033189890637064276,4
2016-06-10,0.0036747436937777113,0.006531633315522357,0.009833958863605037,0.03173871367316817,0.07147776638566736,0.22158154652293657,0.48613215756274825,0.09234755151619907,0.04376195726988127,0.03291997119649405,4
2016-06-17,0.003069705046826375,0.004971873479707456,0.0074238110231582555,0.025806363808364943,0.04630166347374816,0.2746308464973543,0.44711194206313837,0.12356788886892499,0.035948545941055135,0.031167359797722047,4
2016-06-24,0.003054276229789523,0.005079594771019376,0.00737650855309785,0.025452200421833666,0.047120401113806006,0.2752109009925681,0.44692016978751625,0.12196512578046229,0.036741094349543195,0.031079728000363762,4
2016-07-01,0.0030694762066881195,0.005016605889913882,0.007300594199068632,0.02525866173088828,0.04601269788521774,0.27532763315065584,0.4477329911931299,0.12247212559059703,0.03684842354199394,0.030960790611846565,4
2016-07-08,0.003067649303957609,0.004981779070368166,0.007318423933361163,0.02526493965251729,0.04623916483578092,0.2777630061702471,0.44484638056221537,0.12340568554030476,0.03638706855707371,0.03072590237417394,4
2016-07-15,0.0035237612991629932,0.006150414499897991,0.009099505285743104,0.027789168222117452,0.059197587236209916,0.21968171615330134,0.4844277869516405,0.10341719251957332,0.04714808976259432,0.03956477806975907,4
2016-07-22,0.0036342237333596055,0.006176187181711857,0.009092303891614062,0.028309963944792443,0.059555426936601326,0.22047150993610576,0.4823492828550527,0.10249226345175437,0.04828283789465394,0.03963600017435397,4
2016-07-29,0.003564934024716494,0.006094220767077801,0.009076104386158801,0.028384184463325243,0.058357086430590246,0.2194454565965138,0.48131914061207304,0.10402005865547881,0.05012099179299698,0.03961782227106873,4
2016-08-05,0.0035545931439702884,0.006020124739932193,0.00903458181655362,0.028270271978596762,0.05974778556508546,0.22430586888384374,0.48086875716668276,0.09942651166966028,0.04844247201174033,0.04032903302393464,4
2016-08-12,0.0038201155440362317,0.006916300868051874,0.010512090861464221,0.032291312191497,0.03465907584527397,0.17786361489862182,0.5142207344424948,0.0919074968993227,0.07049102384538308,0.05731823460385434,4
2016-08-19,0.003845882041737537,0.006794270418055617,0.010418354295273108,0.03181386494886637,0.03406681432291229,0.17537322318482668,0.5207832158033932,0.08966819481548588,0.070077915511344,0.057158264658105286,4
2016-08-26,0.003802380925749534,0.006825287568649105,0.010620455133399606,0.03195377958091419,0.03346504863221999,0.17453236288630544,0.5205311597887105,0.09090708275696352,0.07026000039418451,0.057102442332903645,4
2016-09-02,0.0037665766503794684,0.006799905279497804,0.010472923173848216,0.03169193736427185,0.03351784589370308,0.1775680078965893,0.5172558859599607,0.09102145462542811,0.07087716948183946,0.05702829367448196,4
2016-09-09,0.003409982631627048,0.006185169401804025,0.009803921151507106,0.03202647451993469,0.02722426841228394,0.23250968936556937,0.482148386726615,0.08904537199849433,0.06490127726799609,0.05274545852416844,4
2016-09-16,0.003434273267102186,0.006280546436378297,0.009913298555959113,0.03232746898143796,0.027085935626437088,0.23287373576655668,0.4791656991338218,0.08927562872400074,0.06703487662974006,0.052608536878566065,4
2016-09-23,0.0034342732671021866,0.006280546436378298,0.009913298555959113,0.032327468981437964,0.02708593562643709,0.2328737357665567,0.47916569913382184,0.08927562872400076,0.06703487662974006,0.05260853687856607,4
2016-09-30,0.003401868212515632,0.006164237165600693,0.009819341100977751,0.0320843070798026,0.027004980675223906,0.2339339934034104,0.4806702977588971,0.08907959531591121,0.06562375312852721,0.052217626159133626,4
2016-10-14,0.003223570644707789,0.0059557995808540015,0.008936154443594649,0.027538958610159064,0.022595118207056453,0.27522804534487566,0.47372029999790677,0.08646796630258499,0.057586647460698866,0.038747439407561826,4
2016-10-21,0.0032307271387419724,0.005970801718215194,0.009113385434627683,0.027378404074567986,0.02261876797122965,0.2767710193233378,0.4684970731508714,0.0872267795302197,0.06021274157772054,0.03898030008046801,4
2016-10-28,0.003261436546766135,0.006012421289319029,0.009316208597781898,0.027474904227889257,0.022631932260004838,0.2753723292724888,0.46934122561065594,0.08738782281759806,0.060119501539663105,0.039082217837832944,4
2016-11-04,0.0028475092759511766,0.005559408573535887,0.008843356223495483,0.027426909735296143,0.02228036100712652,0.29474792152691337,0.4503460232525767,0.08700634373885505,0.06414511340090437,0.03679705326534541,4
2016-11-11,0.0028156893147151946,0.005593559911643888,0.00886944500122787,0.02742012926051711,0.022201848124525646,0.29449374573017434,0.45239148043472976,0.08649960620620856,0.06306719679700366,0.03664729921925397,4
2016-11-18,0.0028793107686201753,0.0058505253071644255,0.00899143579569849,0.027319945962893954,0.022099691952659182,0.29076684749681314,0.45571388772689475,0.08606834704549,0.06363742411557803,0.036672583828187943,4
2016-11-25,0.002853169757680096,0.005805457217524946,0.009092105106595425,0.027331048550835284,0.021954528332383663,0.2904420388120995,0.4551246556772477,0.0859704655070347,0.06457252072588698,0.03685401031271168,4
2016-12-02,0.003546163758706304,0.008150033358045025,0.0129530495430447,0.04717429105368803,0.023815849365958028,0.15428345875893018,0.5213700314906197,0.10737575541622152,0.08249818166723157,0.03883318558755494,4
2016-12-09,0.0035099069109200544,0.008102587552760478,0.013222255171706247,0.04760848002838784,0.023916878618909135,0.1539470624622199,0.5186640226215706,0.10674535134548886,0.08489404687766759,0.03938940841036924,4
2016-12-16,0.003518066173317871,0.008245406740740362,0.013055937352200899,0.047599510624612804,0.024279545289739773,0.1536449945553077,0.5199034533153282,0.10625776653514989,0.08456244006367478,0.03893287934992771,4
2016-12-23,0.0036279895945640146,0.008282342124228827,0.013069132263294612,0.04769029205165737,0.024775328667484813,0.1547981974950937,0.5176176594616729,0.10565440879768927,0.08489594939060947,0.039588700153705095,4
2016-12-30,0.0021364186156182033,0.005439486922626344,0.009775472666422008,0.032529673188850805,0.020903697058413204,0.30378033103389,0.40380137623339574,0.09333552421180058,0.09251102750282658,0.035786992566156445,4
2017-01-06,0.0020916578527255094,0.005386376593854817,0.009706609472878007,0.03234714166266736,0.021051501003203375,0.3052511549371694,0.4039032519196931,0.092625544306689,0.09207798008887565,0.03555878216224381,4
2017-01-13,0.0021652658688815704,0.0055008114710724,0.009855621493173872,0.032514357832864375,0.021366987520122754,0.3038167324338432,0.4030423591920375,0.09296298002362606,0.09304695100705676,0.035727933157321354,4
2017-01-20,0.0021638265723148736,0.005475846504740424,0.009805930304732475,0.03221928865206778,0.021105307259943234,0.30132729079929116,0.40973216715393884,0.09200916529762877,0.09024603397900925,0.035915143476333164,4
2017-01-27,0.0031403679675253357,0.004084416894648779,0.0075459401685285254,0.011650863784437332,0.005287029346057168,0.6026838597210002,0.2430513857010631,0.03860453494502336,0.05485038273937699,0.029101218732339118,4
2017-02-03,0.003140367967525336,0.00408441689464878,0.007545940168528526,0.011650863784437334,0.0052870293460571685,0.6026838597210004,0.24305138570106313,0.03860453494502337,0.054850382739377,0.02910121873233912,4
2017-02-10,0.003149401333373195,0.004168794409149741,0.007543494035675003,0.011635997759784475,0.005230599060920386,0.605904601131135,0.24038914692961158,0.0383884770080086,0.05474817581800291,0.028841312514339107,4
2017-02-17,0.0031778789561699465,0.004247038582699164,0.007717270968384445,0.011667999729732023,0.005282051365328548,0.6031032148462836,0.2415132484881604,0.03850588006884891,0.05565364093999567,0.029131776054397197,4
2017-02-24,0.0026149021173153056,0.003947737518543368,0.007074106584943063,0.011632355936905467,0.006023508358966478,0.5408481031156955,0.3066006196657741,0.026618467043143357,0.058765355970133944,0.03587484368857927,4
2017-03-03,0.002552639912069995,0.003907575653884377,0.007011380736187836,0.011634950176705326,0.006062661427302758,0.5458805796624666,0.30182399937781546,0.02668681987105623,0.05920852564635423,0.0352308675361571,4
2017-03-10,0.0025439656606124745,0.003933075706059416,0.007036705174308029,0.011767848998201824,0.006056189418543341,0.545718707381886,0.3006092709758011,0.026937987111943437,0.06004557480140873,0.03535067477123562,4
2017-03-17,0.002486459341977112,0.0039021679575875143,0.0069728327348276015,0.011842916629614595,0.006111373134403637,0.5455255371598944,0.2994419328147333,0.027123231070201363,0.061612169503917506,0.034981379652843106,4
2017-03-24,0.0023929427506137538,0.00345607216317205,0.006139021343466444,0.008335644101241518,0.0012628619022873044,0.5371785798291978,0.2975179523986486,0.024093761734110847,0.09325643812062534,0.02636672565663631,4
2017-03-31,0.002401196735475472,0.003400455592578842,0.006186367910166541,0.008369314458882794,0.001283284435198381,0.5450308682007985,0.29009288237706476,0.023997871176855826,0.09321109764443844,0.026026661468540505,4
2017-04-07,0.0024350253990648787,0.003390540629415757,0.0061606006108015,0.008352106411559009,0.0012812521022992113,0.543178311375573,0.29299630585889086,0.023754720705795266,0.09230151865305206,0.02614961825354837,4
2017-04-14,0.0024730497380278096,0.003487746920641252,0.006355819290084785,0.008376070454019094,0.0012768506577101114,0.5419092973885723,0.29282805588409133,0.0240349489634728,0.09246475159625818,0.026793409107122464,4
2017-04-21,0.004176591579480048,0.004890399761946593,0.009942105335967927,0.00968895208739437,0.0026406167227562005,0.6851486498974606,0.14902250409046885,0.01212173036010876,0.04860132348172721,0.07376712668268934,4
2017-04-28,0.003980112214065877,0.004633934603178422,0.009664481609888415,0.009620372647809612,0.002679067946393353,0.69303700899537,0.14571371873162026,0.011895999096648154,0.04815793516434889,0.07061736899067687,4
2017-05-05,0.003965261848753593,0.004629915030618862,0.009519343152257016,0.009623857240852981,0.00267627768084574,0.6894952727145357,0.14796924587395005,0.012164410306197578,0.04833968363249378,0.07161673251949469,4
2017-05-12,0.0038745779996250543,0.004585676771749627,0.009507862121921212,0.00974069149591821,0.002690801295146252,0.6909493852564725,0.14674821779319483,0.012175565302290553,0.04806381465252636,0.07166340731115527,4
2017-05-19,0.0032264855099603043,0.004151274376143807,0.0075210460931451895,0.010287428632211812,0.002931977369295735,0.6231076269058535,0.22468594222497834,0.017507147786045632,0.06653655546989003,0.04004451563247566,4
2017-05-26,0.0032661725914012707,0.0041371277288468015,0.0074061707056729395,0.01024674196437282,0.0029880490120129887,0.6278566210110825,0.21908610310409465,0.017743245036454462,0.06715895887373444,0.040110809972327285,4
2017-06-02,0.0032897195765031312,0.004064831219440263,0.00728211580592114,0.01021329903484187,0.002996681413575839,0.6207922972764589,0.22803563964993973,0.017250576900310597,0.0662407581123428,0.03983408101066567,4
2017-06-09,0.0032809854309346666,0.003993646639574843,0.007288320346470736,0.010208566182258086,0.0029758454151445155,0.6201511271529846,0.22847554713497173,0.01718098861991708,0.06624224332926702,0.040202729748476836,4
2017-06-16,0.0011435169730229025,0.0027267958441591494,0.005233328080766389,0.025733062587301625,0.03078713153523456,0.34267309811178864,0.33629916582161656,0.03819827175141571,0.18805664602120453,0.029148983273489845,4
2017-06-23,0.0011472115787918337,0.0027977663321726355,0.005222493173653689,0.02574752397214527,0.030557579901929394,0.34406368597439996,0.33244146028487714,0.03825390731181579,0.1908221676928465,0.028946203777367858,4
2017-06-30,0.0011279265723677652,0.0027731177816019284,0.005151243976466625,0.026040678832384367,0.03082704099696921,0.3391819313188511,0.33702567946453565,0.03796883547046389,0.19123954589667147,0.02866399968968803,4
2017-07-07,0.0011293052534871346,0.002812513568812428,0.005152725357249919,0.025956826676293475,0.03098187205980184,0.3401041766013547,0.3355527499494467,0.038225768838856714,0.19181043531204148,0.028273626382655608,4
2017-07-14,0.0006981764648267344,0.0028328593749114978,0.003111805872492962,0.03477731594032696,0.016573795036633684,0.061472067608776056,0.389292755134533,0.02255494664618933,0.45055811901025916,0.018128158911050657,4
2017-07-21,0.0006938458792665422,0.0028145710736076327,0.003084122155724138,0.034469314134357464,0.016592423493410592,0.060070119176283396,0.4017757362649366,0.021788079897741657,0.44082617388475387,0.01788561403991805,4
2017-07-28,0.0007236678442432621,0.002953993857347774,0.003114792247662751,0.03426237680700021,0.01683755015537441,0.05906045563574343,0.40490507712750023,0.021567726147146526,0.4385773178389849,0.0179970423389964,4
2017-08-04,0.0007102474216105001,0.0029880907183445857,0.0031194108855586125,0.03419565764403478,0.017093677808619392,0.058948689852210245,0.4048385801300191,0.021899815427983693,0.4381089610266505,0.018096869084968645,4
2017-08-11,0.0017733568848723597,0.007845012558050993,0.009697787552258114,0.05503801359015649,0.0384511430008027,0.05661577081403565,0.4605945128062777,0.05500105555044246,0.2874226484687199,0.027560698774383635,4
2017-08-18,0.0017442665595027334,0.00767790543890073,0.009683601882034352,0.055467247526478684,0.04018507609714827,0.058522446779288126,0.4488242455975238,0.055808238704341005,0.2943211370325645,0.02776583438221769,4
2017-08-25,0.001725880686079943,0.007565493032256458,0.009695800925570222,0.05483368254914007,0.03963149912755022,0.05785353895934364,0.4464488482746203,0.05787044115456017,0.2968545074017754,0.027520307889103614,4
2017-09-01,0.0017081832181960741,0.007523337266280091,0.009494718325293408,0.054518611987065764,0.038749132709153776,0.05658772711079471,0.45450458801342636,0.05649907564359877,0.29356011351610684,0.02685451221008417,4
2017-09-08,0.0016340707042908215,0.007800156405449357,0.009178618239492314,0.04260365835093613,0.05487873898859398,0.05745579507777268,0.4514289288195167,0.057480401837261094,0.292565627697426,0.024974003879260867,4
2017-09-15,0.0016144137955282738,0.007808345612095173,0.009249740778614141,0.04258136372949923,0.0535795622380572,0.058025324331484114,0.4512706985632946,0.058064034047402575,0.29310369595033076,0.024702820953693888,4
2017-09-22,0.0015761766188481636,0.007761192882886187,0.009330510337568428,0.043248368566118606,0.055200766887169614,0.057831958089028135,0.45044437452363506,0.05752132273976457,0.29259208738991593,0.02449324196506541,4
2017-09-29,0.0015550957438590796,0.007522556341568764,0.009079115763361192,0.04332916771312489,0.05568422642221785,0.056889943727029366,0.44424489664177,0.05644623179706378,0.3012935869238991,0.02395517892610583,4
2017-10-13,2.3360377005467514e-06,1.1159513403197647e-05,1.526313619760935e-05,0.000512161186854038,0.07032326721147365,0.0014827182665832044,0.42882134751471823,0.0006218832316725285,0.49810038515210964,0.00010947874928736098,4
2017-10-20,2.2688992136478184e-06,1.0945313289939685e-05,1.5293397834001284e-05,0.0005236121367159051,0.07232443135729684,0.0015207010434580154,0.42804780846434454,0.0006370925848370378,0.49680830644163204,0.00010954036137796165,4
2017-10-27,2.2658030618961926e-06,1.0945883830822754e-05,1.5382873718245075e-05,0.0005278987478149641,0.07473990247913381,0.0015641835741130575,0.43326809782173115,0.0006309792060552673,0.48913000773887455,0.00011033587166632757,4
2017-11-03,0.0016384839548918423,0.004259931462152949,0.004838116612905022,0.029473844772751653,0.1238762182675031,0.030634804908026808,0.29922977731733125,0.015172856710088375,0.4767985822681281,0.014077383726220846,4
2017-11-10,0.0016164207173895513,0.0041295594457055156,0.004779214675654804,0.028725509550990135,0.12264421504710235,0.030484059165143778,0.2962228870229537,0.015257915583480715,0.4822615167564917,0.013878702035087667,4
2017-11-17,0.001564218204254711,0.003995335395450709,0.004600925679058776,0.02853914442628478,0.121893218355616,0.029622322010691704,0.2854358112574083,0.015276979362591554,0.4956965815689536,0.013375463739689923,4
2017-11-24,0.001537692707471534,0.003877547414906593,0.004456283684680737,0.027891443927233053,0.12161868489771756,0.029257451917837296,0.29340635082403593,0.014653336681025121,0.4901347965090605,0.01316641143603165,4
2017-12-01,0.005327352290623678,0.007945544565398144,0.008226108074842656,0.0222696262570327,0.11041311595299778,0.025112985376041508,0.19281740488192323,0.006058757189739972,0.6051129472252003,0.01671615818620005,4
2017-12-08,0.0055289147679622175,0.00836036851621856,0.008478108007496309,0.02237987397369565,0.11050694883697836,0.025806987082515654,0.19346577463408812,0.006255486856487598,0.6021419824903697,0.017075554834187875,4
2017-12-15,0.005431970524243614,0.008145582823604804,0.008420249993962077,0.02228811309079218,0.11283311719124325,0.02588708891173668,0.19469488179699432,0.006277716437440819,0.599036840888096,0.01698443834188636,4
2017-12-22,0.005358908087251645,0.008139389722001043,0.008429909040667292,0.022704304693616558,0.11811095939738803,0.02623401385950097,0.1904267356340459,0.006279064551623548,0.5973734935860973,0.016943221427807728,4
2017-12-29,0.002251654250912477,0.003316188972329173,0.00430135966481289,0.00554933942440447,0.4808332473048035,0.009322216128522104,0.0856105705996679,0.007312211602918284,0.39256564568971203,0.008937566361917268,4
2018-01-05,0.002305744376712895,0.003442611865509358,0.00437813583768965,0.005651155219281441,0.4847298765847461,0.009425966068595323,0.08646019800428596,0.007303395724146082,0.38733245095401964,0.008970465365013535,4
2018-01-12,0.0023874699336313907,0.003496559310951165,0.004361862612267354,0.005642127248305643,0.48936151425043195,0.009291722160088767,0.08652522389990777,0.007188154181487965,0.3827906223269346,0.008954744075993547,4
2018-01-19,0.002380148268700505,0.003433892655601212,0.0042403821310331245,0.005733377719629251,0.5056706497617498,0.009337806023690932,0.0875454661480289,0.007178501542076048,0.3656970063290223,0.008782769420467844,4
2018-01-26,6.068698867130504e-07,1.0276720258913582e-06,1.1977015705601733e-06,2.7001546098645276e-06,0.6865937225129604,1.8409838285050417e-06,0.08954829445006637,9.306070385460097e-06,0.22383942410504368,1.8794796227091567e-06,4
2018-02-02,6.205584918340066e-07,1.0382856296616421e-06,1.2122011682904063e-06,2.8007014018294473e-06,0.6929435825576449,1.8382275509617109e-06,0.08961258299980177,9.4052253571531e-06,0.2174250418774999,1.8773654535948996e-06,4
2018-02-09,6.720360485082489e-07,1.0803080192181847e-06,1.2055861793521149e-06,2.822135258408852e-06,0.69498649502458,1.8343374944841928e-06,0.09213884102123615,9.150615413534249e-06,0.21285600323819875,1.8956975715295551e-06,4
2018-02-16,6.291169450430122e-07,1.0578840158863486e-06,1.2012967025058942e-06,2.8174014994323167e-06,0.6883475285156704,1.8608465195596896e-06,0.08898421271685376,9.34755478230166e-06,0.22264939215088433,1.952516126790456e-06,4
2018-02-23,2.7515953501774915e-05,4.997787653766438e-05,4.917494266788117e-05,0.00021782776712708264,0.6275225265006504,0.00010943100252692702,0.13207933076759906,0.0002651607400772915,0.23958216922211098,9.688522720076656e-05,4
2018-03-02,2.7048043193740376e-05,5.086611079746174e-05,4.824426800582929e-05,0.00021685776961030687,0.633560883087839,0.00010873654218423375,0.12953763399284002,0.0002625281799547866,0.236094648556146,9.255344942840043e-05,4
2018-03-09,2.6390654784751803e-05,5.107516109609241e-05,4.9788002751468214e-05,0.00022083807049073361,0.622925844479544,0.00011196648046466781,0.12754100080763378,0.0002853820152866006,0.24869166650003158,9.604782791632622e-05,4
2018-03-16,2.6024144976228607e-05,5.016528280666759e-05,4.998438237933673e-05,0.00022346605373494582,0.6188468308979533,0.00011723107185252945,0.12868676677815707,0.00029436757770663223,0.2516072193506778,9.794445975564383e-05,4
2018-03-23,1.301385305812531e-06,2.6678814468039267e-06,2.722825432899907e-06,1.4799557042537766e-05,0.7966099447581935,5.04802248541984e-06,0.02963989087134785,2.6251703440313516e-05,0.173693386400142,3.986595162930209e-06,4
2018-03-30,1.32718618442614e-06,2.6096731408063095e-06,2.7448627400888962e-06,1.4651741087640628e-05,0.8004431688577164,5.300984202646301e-06,0.03017900920764432,2.597479176710234e-05,0.16932113704866344,4.075646853084814e-06,4
2018-04-06,1.3142655208716364e-06,2.6954154486467586e-06,2.83402151661659e-06,1.463813525069401e-05,0.79071728574921,5.588571966024735e-06,0.029979348583113085,2.802056319313293e-05,0.1792441455625363,4.1291322446249295e-06,4
2018-04-13,1.3142655208716366e-06,2.6954154486467594e-06,2.8340215166165904e-06,1.4638135250694014e-05,0.7907172857492101,5.588571966024737e-06,0.029979348583113092,2.8020563193132937e-05,0.17924414556253632,4.12913224462493e-06,4
2018-04-20,0.002470063469566172,0.004283157040252131,0.007111793117084611,0.0024269908703505177,0.806297403698159,0.0016391411960524765,0.04605993729217908,0.04187482472504135,0.0806444181452251,0.007192270446089541,4
2018-04-27,0.002472764175580763,0.004208621953656278,0.007023230237759569,0.002383986799839808,0.8107237397267961,0.001634240359674206,0.045015464557436165,0.04115678521474292,0.07830377720072378,0.007077389773790426,4
2018-05-04,0.0025104592533648296,0.004223893437582134,0.007144373583362264,0.002387149451357838,0.8091272430605725,0.0017036198012489424,0.04552538549676514,0.04068119210798182,0.07951127661726375,0.007185407190500788,4
2018-05-11,0.0024715118608270316,0.00418113865610376,0.007049327555830192,0.0023904774425744543,0.8118422035827898,0.0017141273539416394,0.044658814970172475,0.040444004357614145,0.07814003245377583,0.007108361766370829,4
2018-05-18,1.4043154888226533e-07,4.6633827282794676e-07,6.378483435267755e-07,3.940798931514986e-07,0.9993076610832866,6.592887437863626e-07,0.0006644885813347221,1.5463684192296634e-05,9.359781687662857e-06,7.288826964817278e-07,4
2018-05-25,1.430983284400244e-07,4.5925786812921577e-07,6.240976600254138e-07,3.8961229728343874e-07,0.9993224486011154,6.641081478821899e-07,0.0006502809603241675,1.5204347911719688e-05,9.059819045033682e-06,7.260973018733596e-07,4
2018-06-01,1.377900092554978e-07,4.569525971870803e-07,6.236143787233311e-07,3.9186755152925306e-07,0.999327628673567,6.98466729031525e-07,0.000644800353830611,1.5213009011310686e-05,9.296536045285109e-06,7.527362799818089e-07,4
2018-06-08,1.295645780221983e-07,4.225198667915766e-07,5.755984510491372e-07,3.792130579684474e-07,0.999370400645168,6.377419143368565e-07,0.0006042350946449301,1.3980951595277486e-05,8.534969678364246e-06,7.037010452249737e-07,4
2018-06-15,1.0564494229067213e-07,3.4206816189610124e-07,3.5921352918920444e-07,1.2501417031025802e-07,0.999982194813092,6.883212698624564e-07,6.87183724391307e-06,2.0769351131158726e-06,6.629254054812419e-06,6.068984227154621e-07,4
2018-06-22,1.0637234501543996e-07,3.3996800505112634e-07,3.5510682391453774e-07,1.246203481621398e-07,0.9999827491984151,6.601023214758346e-07,6.99288476108962e-06,2.000970679371885e-06,6.05739583862645e-06,6.133804621424585e-07,4
2018-06-29,1.0546525864425155e-07,3.3056867435772e-07,3.469485155676792e-07,1.2244424753862778e-07,0.9999835903618948,6.702219745413622e-07,6.8787424141232965e-06,1.881223015647539e-06,5.480593171892082e-06,5.934308329714082e-07,4
2018-07-06,1.0999321396003859e-07,3.377278918294483e-07,3.5786922043652694e-07,1.2530506995751887e-07,0.9999830356251727,6.918846386928749e-07,6.884520650062595e-06,2.047596700610722e-06,5.795640285283302e-06,6.138371566295496e-07,4
2018-07-13,1.1667917907631667e-05,4.43268435890219e-05,4.530626472785005e-05,1.3985914124429143e-05,0.990240937674425,4.406546102227551e-05,0.009084738808788496,0.0002235013601597398,0.00015980825929240092,0.00013166149596310992,4
2018-07-20,1.113011140991795e-05,4.447603150205856e-05,4.3738937241383455e-05,1.3621980448917272e-05,0.9905246169710255,4.474118558918074e-05,0.008808193367023202,0.0002231845346954946,0.00016009047791802725,0.00012620640314654562,4
2018-07-27,1.1342055530379198e-05,4.512508486358309e-05,4.4590533572244485e-05,1.3800859855311237e-05,0.9901474513365244,4.468673437581359e-05,0.009158518127370835,0.00023025710775121506,0.0001684364254012309,0.00013579173475501948,4
2018-08-03,1.171619412072207e-05,4.637621371493702e-05,4.59609971101325e-05,1.3748454903879823e-05,0.9900524245159826,4.301933301944246e-05,0.009254693310900583,0.00022741895933223858,0.00016925333224409702,0.0001353886886711426,4
2018-08-10,0.00033764626896292673,0.0006863570299144089,0.0005253265633341606,0.0007655730518858132,0.8592323082914171,0.0010182685628615335,0.13366878184406597,0.0007819815277469114,0.0010461603481455037,0.0019375965116656766,4
2018-08-17,0.0003439166060350193,0.0006840880436718161,0.0005303557618313318,0.0007705822159081656,0.8573083717550306,0.0010156380951757088,0.13556634516669153,0.0008056232079255921,0.001088871990562615,0.0018862071571676613,4
2018-08-24,0.0003596055070647245,0.000697228995516237,0.0005433128245981526,0.0007783804146765796,0.8526588762303668,0.0010275541455138496,0.13995877890012975,0.0008249066456398033,0.0011734865969195583,0.0019778697395745983,4
2018-08-31,0.0003551810525313477,0.0006831558741868474,0.0005303008073787782,0.0007600044305604498,0.8510285901517611,0.0010170943267384742,0.14172795556936724,0.0008149673657925485,0.0011542473159549575,0.0019285031057283263,4
2018-09-07,0.00024133061276287884,0.00046220325518613655,0.0003339214648373969,0.00045566541404267624,0.816513235087186,0.0014090863508570773,0.17553814142121846,0.0007818131616368794,0.001957733037811842,0.0023068701944607348,4
2018-09-14,0.00024977046136553395,0.00046024171612363805,0.00033763227034600755,0.00045336839861398877,0.8143567554305736,0.0014366475764694998,0.17762715149799602,0.0007893499486164657,0.001939154114116563,0.00234992858577869,4
2018-09-21,0.00025564101845925244,0.0004512971256036848,0.0003376151674868488,0.0004544043912002883,0.8136329698018987,0.0013650748513021397,0.17848779090719966,0.0007505825713292479,0.0018864418704621511,0.0023781822950579884,4
2018-09-28,0.0002476917118900691,0.0004381843877688063,0.00032623405496930174,0.00044054625147929723,0.8167058426131748,0.0013099000222805998,0.17576965540891373,0.0007183599381860161,0.0017825721468902663,0.002261013464447,4
2018-10-12,0.0003923994620063263,0.0006053170474535586,0.00045574792114357315,0.0005356049086487873,0.8152182388476076,0.0009142695956179954,0.17728897849269903,0.0006347276099262786,0.0011512264851319606,0.0028034896297650623,4
2018-10-19,0.000411302131944822,0.0006046339047559565,0.00044869427966593535,0.0005296564580925532,0.8148523917063074,0.0008954780863728456,0.17781490512760198,0.0005965693975164833,0.0010653471528548346,0.0027810217548871834,4
2018-10-26,0.00039445771522613734,0.000577177511026726,0.0004411359044000543,0.0005214094252473486,0.8110710920679498,0.0008603123145836336,0.18166920940472317,0.0006031855123023317,0.0010812275178183586,0.0027807926267223223,4
2018-11-02,0.0024570348510408596,0.00987337773623774,0.008885688581594511,0.003256187721754858,0.6418329820174107,0.009260225045918863,0.25885299359873465,0.01598567855276968,0.030275554014117537,0.0193202778804209,4
2018-11-09,0.002404182116508441,0.010116966784095639,0.00914554514786065,0.0032890675559223226,0.6386420972282555,0.009730571048098671,0.2595992509382947,0.016889627725087165,0.03074153866231406,0.019441152793562823,4
2018-11-16,0.002436123816057282,0.010062058768148363,0.009222849783074279,0.0032784766820424037,0.6394508481156099,0.009889969638781275,0.25719857241458355,0.016828183395440625,0.0318408589103324,0.019792058475929852,4
2018-11-23,0.0023532476185110815,0.010079994316736377,0.00944577605346308,0.0033269205302171026,0.6359115726694581,0.00984801138097567,0.2581245506218437,0.01770619517399595,0.0329816930367085,0.020222038598090516,4
2018-11-30,0.001959720689451286,0.009877642398516767,0.009203671196805346,0.004960726622342176,0.5615026653152895,0.024620124290520518,0.3186085061181618,0.016527459435148453,0.02542522677928606,0.02731425715447801,4
2018-12-07,0.0019148542193362264,0.009707465113438096,0.009157773826882513,0.004851954741347616,0.5664634651932268,0.024336121044781722,0.3152728434872669,0.016275022714046978,0.02520637818453358,0.026814121475139566,4
2018-12-14,0.0019115216995797928,0.00979861786319227,0.009200620566191378,0.004841615854338997,0.5714217333169822,0.02338819293416931,0.31131097943430364,0.01613275849625787,0.024875212100294326,0.027118747734690304,4
2018-12-21,0.0019044020961133325,0.009670595364855938,0.009190046771529993,0.004877921971701558,0.576018360744311,0.022571026995544186,0.3082131237805077,0.015904995243254654,0.024527010280549353,0.02712251675163227,4
2018-12-28,0.0024651026816373545,0.009682424395054373,0.009710906429615834,0.0030987729699883115,0.6497804133352225,0.005538002942715781,0.24031134675813537,0.014527164506101378,0.02449104769265302,0.040394818288876186,4
2019-01-04,0.0023339568578925867,0.009362137070058452,0.009478206640270902,0.003039878132260514,0.6561756976830542,0.005532854949384034,0.23506011904671106,0.014061004619033458,0.024532435978941017,0.04042370902239387,4
2019-01-11,0.0023581265332449355,0.009432630681405556,0.009641906627303484,0.003036851251158718,0.6489530054942321,0.005369326508856056,0.24243395231302958,0.014274264130004682,0.024400437237356874,0.040099499223408046,4
2019-01-18,0.002379525089213139,0.00939644707540085,0.009608121314082218,0.00306712055046115,0.6533184641250881,0.005265403897343573,0.23793099931436,0.014463337508165724,0.025287603913193606,0.039282977212691646,4
2019-01-25,0.003378565046429402,0.009131241548315558,0.009868884039976197,0.0018254271021580087,0.7217593500053204,0.002595521310100879,0.1873247332744032,0.011922379539752156,0.018722114231157327,0.03347178390238703,4
2019-02-01,0.0033160869517647354,0.009003263192521378,0.009743849299980484,0.0018226637760235097,0.7220674134795839,0.002533045004127794,0.1881661009636099,0.011899284693585404,0.018558660780037227,0.03288963185876575,4
2019-02-15,0.0032952134797763597,0.008840348530452107,0.009607243628397225,0.0018021654542621536,0.723093683759922,0.0025123551324440505,0.1887977990897734,0.011762059008115198,0.017976904363975577,0.032312227552881954,4
2019-02-22,0.0037180391293020754,0.00794417981033435,0.009024055468273035,0.0009503281783384415,0.7729341326057958,0.000966375062535274,0.15572645519647754,0.01092555583950773,0.015213101281177296,0.02259777742825861,4
2019-03-01,0.003685763367708093,0.007979554468024105,0.009133172369579412,0.0009541376681603013,0.766370583660759,0.0009572528423236068,0.1608975744435583,0.011632689500201979,0.016462923708973308,0.02192634797071192,4
2019-03-08,0.003654462945699515,0.008042009983621774,0.009013907801838503,0.000933625048410121,0.765905969471117,0.0009618815578409374,0.16265564992189951,0.01155990542826506,0.016059049244642947,0.021213538596664434,4
2019-03-15,0.0036589829879345066,0.008166336100128593,0.009170665675477065,0.0009470013862509753,0.7639424287987515,0.0009947768756269897,0.16182918979352448,0.012680123594003279,0.01674688063111846,0.021863614157184026,4
2019-03-22,0.002739016764173069,0.008258335290365501,0.009327198638179546,0.0011829346274210284,0.7299674522577391,0.0022974596371425487,0.19359102560274868,0.016318592608562388,0.019524934726313975,0.01679304984735408,4
2019-03-29,0.0027045356721898724,0.00818061355778033,0.009254038322946995,0.0011731866101654408,0.7345532589406497,0.0023157612172222154,0.18972870911607592,0.016381086520154638,0.01900278955192892,0.01670602049088599,4
2019-04-05,0.0025589372556842696,0.007759327846674508,0.008793623511099788,0.0011146115398144852,0.7453671953678991,0.0022420878473562523,0.1831596940850295,0.01549525826564734,0.017843572877901077,0.015665691402893693,4
2019-04-12,0.0025589372556842696,0.007759327846674508,0.008793623511099788,0.0011146115398144852,0.7453671953678991,0.0022420878473562523,0.1831596940850295,0.01549525826564734,0.017843572877901077,0.015665691402893693,4
2019-04-19,0.0003068382524278614,0.0004275267103929434,0.00037159085230190894,0.00036051391816201714,0.7963982101274323,0.00045837735527376613,0.19983841459512952,0.0004962279919950487,0.0005710175802480745,0.0007712826166365533,4
2019-04-26,0.00031487287274025886,0.0004221276434210033,0.00036978013323221427,0.0003718196536264896,0.794742866117201,0.0004478982355610289,0.2014773772702857,0.0004937583982473216,0.0006148554031237184,0.000744644272561095,4
2019-05-03,0.00029686695599222154,0.00039727345976191215,0.0003466793041797453,0.0003434826113745782,0.8016337731694053,0.00043553765661796015,0.19476464768917648,0.00047568795499405847,0.0005839118240885509,0.0007221393744092163,4
2019-05-10,0.00029686695599222154,0.0003972734597619121,0.00034667930417974527,0.0003434826113745781,0.8016337731694053,0.0004355376566179601,0.19476464768917645,0.0004756879549940584,0.0005839118240885509,0.0007221393744092163,4
2019-05-17,1.5668602582258112e-05,2.3397317142259157e-05,2.6402271203586087e-05,1.2460395579827845e-05,0.9496145844567504,1.1743805494962274e-05,0.050134373696713475,4.533501897902026e-05,5.995603292098962e-05,5.6078402633370425e-05,4
2019-05-24,1.5092569901556447e-05,2.253689294256977e-05,2.5199989378825486e-05,1.188026760988348e-05,0.952126900218724,1.140121824592348e-05,0.04763668248750772,4.1783796744830576e-05,5.507244496600706e-05,5.345011397857972e-05,4
2019-05-31,1.555314199648858e-05,2.3213357992983615e-05,2.5877345294271664e-05,1.209240808034661e-05,0.9501019455260729,1.151419257387803e-05,0.0496546059765112,4.282142642586647e-05,5.662241181092017e-05,5.575421324124496e-05,4
2019-06-07,1.5234478762047299e-05,2.309228015888281e-05,2.561452838026121e-05,1.1857542150115574e-05,0.9509129353712544,1.1267787760216558e-05,0.04884502977991763,4.2585386393035406e-05,5.634736622844702e-05,5.6035478994935914e-05,4
2019-06-14,2.1351053404758446e-05,3.208221922321912e-05,3.717743884801327e-05,8.890625886395992e-06,0.9816593920777633,3.917886090539142e-06,0.01803669956523054,4.505922744280034e-05,5.527743874372392e-05,0.00010015246736662983,4
2019-06-21,2.0794022735995898e-05,3.167150046025176e-05,3.663992070962358e-05,8.732750952895252e-06,0.9815577367134225,3.7504165905683523e-06,0.0181426830900769,4.394675434231762e-05,5.493058207686101e-05,9.911424863212532e-05,4
2019-06-28,2.085259672132375e-05,3.172848814213493e-05,3.7124926587038914e-05,8.83572045483246e-06,0.9809944419209465,3.826869723242369e-06,0.018703349320345983,4.573622394030626e-05,5.563238974770353e-05,9.847154339089149e-05,4
2019-07-05,2.0455683043987212e-05,3.1055204099816664e-05,3.621752643212343e-05,8.670601685974957e-06,0.9815331149755523,3.8083812211710306e-06,0.018172956027335496,4.454223051462118e-05,5.403003799571694e-05,9.51493321186237e-05,4
2019-07-12,2.0231289038133817e-05,2.7172387168201365e-05,3.214572264186792e-05,8.692552838802112e-06,0.9892158563994786,3.900302942440434e-06,0.010530080593760562,4.608889149968452e-05,4.809929072504106e-05,6.773256990661716e-05,4
2019-07-19,1.9815607151155123e-05,2.643305707235695e-05,3.1338420950470435e-05,8.495481637119164e-06,0.9893156116612711,3.858024457533084e-06,0.010437000017249922,4.447785306068269e-05,4.6243316854996245e-05,6.672656029454963e-05,4
2019-07-26,2.0148197357330945e-05,2.685421855442775e-05,3.208040676709442e-05,8.462070003508339e-06,0.9890643080514612,3.83729350492172e-06,0.010683895803022977,4.566444768840876e-05,4.633959699290797e-05,6.840991464721925e-05,4
2019-08-02,2.024822443456093e-05,2.665317604533884e-05,3.287059633802506e-05,8.626145121981408e-06,0.988916392628264,3.919045475621906e-06,0.010824532714927617,4.825217903603946e-05,4.869502029813443e-05,6.981027005859177e-05,4
2019-08-09,1.985409379502527e-05,2.4016856853210098e-05,3.54433902732031e-05,9.21023180792339e-06,0.9869413919334926,4.365225457429869e-06,0.012733284973207307,5.955346703133109e-05,6.374384160799966e-05,0.00010913598647396654,4
2019-08-16,1.9779921534361297e-05,2.4108110783901408e-05,3.4869992697437376e-05,9.14287983869661e-06,0.9868904080240626,4.456938235634037e-06,0.01278722995928258,5.849181347071097e-05,6.170123763047622e-05,0.00010981112246356313,4
2019-08-23,1.902611869874321e-05,2.3240917125966484e-05,3.374484960441271e-05,8.928088654224143e-06,0.9872884767840753,4.467114557817426e-06,0.0123925555822338,6.01027888837363e-05,6.234785278057289e-05,0.0001071099033854634,4
2019-08-30,1.883679434692765e-05,2.2990520342928882e-05,3.4122156828356416e-05,9.00120492239079e-06,0.9872419749895965,4.55830512397296e-06,0.012437993182163341,6.163731064989375e-05,6.324246556411348e-05,0.000105643070461539,4
2019-09-06,1.6525309646978504e-05,2.084894233528008e-05,2.585520980423906e-05,8.639658199288323e-06,0.9976189109397627,4.4629652583049796e-06,0.0021516902534410125,4.672694860265343e-05,4.877283904599749e-05,5.756693390364517e-05,4
2019-09-13,1.7400600510239485e-05,2.2010745295236684e-05,2.740365492714186e-05,9.05776872041197e-06,0.9974663740395044,4.6136268089238995e-06,0.0022866367832988566,5.1868585870251705e-05,5.562803303927005e-05,5.9006162025197374e-05,4
2019-09-20,1.7400600510239482e-05,2.201074529523668e-05,2.7403654927141858e-05,9.05776872041197e-06,0.9974663740395043,4.613626808923899e-06,0.002286636783298856,5.18685858702517e-05,5.562803303927004e-05,5.900616202519737e-05,4
2019-09-27,1.758938956579315e-05,2.2122589017861747e-05,2.741971098802224e-05,9.043689058054662e-06,0.9974598099613223,4.68142576958526e-06,0.0022887452530936003,5.394561353397264e-05,5.7510698288975386e-05,5.913166936190498e-05,4
2019-10-04,0.006792731626849707,0.00787408659633329,0.00952908561323447,0.003310017645155164,0.883185647042391,0.0016328974510398109,0.044099205611424955,0.016163446027897974,0.017128902291735207,0.010283980093938563,4
2019-10-11,0.0067927316268497065,0.00787408659633329,0.009529085613234468,0.0033100176451551634,0.8831856470423909,0.0016328974510398107,0.044099205611424955,0.016163446027897974,0.017128902291735207,0.010283980093938562,4
2019-10-18,0.0068584178969696725,0.007868842474007294,0.009517049777026686,0.00328697012599701,0.8835567156085791,0.001648991825106515,0.0445337701610964,0.01566618895155724,0.016796161902025545,0.010266891277634648,4
2019-10-25,0.00677999495394438,0.00779487878235161,0.009450932431483225,0.0033240560061437684,0.8837059790186601,0.0016944173351097329,0.04482468635018232,0.015490649672809172,0.016713559746786576,0.010220845702528979,4
2019-11-01,0.006898705659545326,0.007728086589005048,0.009168400291558687,0.0033451006644431847,0.9000637913474178,0.0013896585824111352,0.031175731464223408,0.014822128131552148,0.016415336541792253,0.008993060728051158,4
2019-11-08,0.00666262855979751,0.007542849688063134,0.008915413257243526,0.003406132459274387,0.9020374869385919,0.001404347812676659,0.030647871929904966,0.014535839375729944,0.016094539232778933,0.008752890745939046,4
2019-11-15,0.0066204707682039265,0.007563450194943776,0.008911816270242004,0.0034288962975896047,0.901720091835935,0.0014203699858467262,0.030545200556009924,0.014728484346673457,0.01632225594704657,0.008738963797508973,4
2019-11-22,0.006446978451544135,0.0074431112971393865,0.008760925407049244,0.003336523203195781,0.9027121011803608,0.001431698108351035,0.03023105286775367,0.014941221595645442,0.016146446207616044,0.008549941681344318,4
2019-11-29,1.373320773517166e-05,1.609479381325051e-05,1.5753488475164692e-05,7.16880660758389e-06,0.9997133239842398,3.420051569529589e-06,0.00010017048443080028,4.841164932025289e-05,5.933677501239205e-05,2.2586758795906537e-05,4
2019-12-06,1.4161277023300784e-05,1.655005368704179e-05,1.618512971911039e-05,7.312540132244095e-06,0.9997067343578858,3.3936441654014157e-06,0.00010199331079204745,4.939876492493084e-05,6.095349081196033e-05,2.331743085819978e-05,4
2019-12-13,1.37881403281295e-05,1.650673287140288e-05,1.6116986734237612e-05,7.380927640337893e-06,0.9997060406991243,3.338500565875617e-06,0.0001013419845259161,5.0852721739509744e-05,6.164893891110409e-05,2.2984367559236772e-05,4
2019-12-20,1.4165816070574793e-05,1.7059981089239096e-05,1.6570355788757497e-05,7.652965879539599e-06,0.9996950852202401,3.395148284528111e-06,0.000105698035422718,5.28661366159869e-05,6.399775716853884e-05,2.350858343995939e-05,4
2019-12-27,1.2351530352794089e-05,1.8641739625840405e-05,1.4715339572633898e-05,8.649796281206342e-06,0.9996795869339474,4.380703416057832e-06,3.0895550337400185e-05,0.00011616080778158872,9.716069186573983e-05,1.7456906819383368e-05,4
2020-01-03,1.2444693844319474e-05,1.9402218032803643e-05,1.4781783628181848e-05,8.653497845585362e-06,0.9996816925787497,4.357600383485697e-06,3.066507525302107e-05,0.00011463140772294404,9.615002028444408e-05,1.722112425553242e-05,4
2020-01-10,1.2593909442012249e-05,1.978064101936225e-05,1.50307879163447e-05,8.75757116093659e-06,0.9996757464024529,4.3724675481908175e-06,3.087440164000261e-05,0.00011764366203352449,9.806561740344456e-05,1.7134539383261565e-05,4
2020-01-17,1.2112841387034876e-05,1.9122098521425743e-05,1.4634686637576123e-05,8.776472289079766e-06,0.9996800719374146,4.372770335921187e-06,2.9612369898325986e-05,0.00011806718403470354,9.67221261127498e-05,1.6507513368607556e-05,4
2020-01-24,1.2237157258637547e-05,1.998010043438494e-05,1.4361367638066752e-05,8.421862247940575e-06,0.9997243118157677,3.8059078636413146e-06,2.4600346533474714e-05,8.369418048874162e-05,9.129643262460047e-05,1.7290829142913283e-05,4
2020-02-07,1.2237157258637546e-05,1.9980100434384935e-05,1.436136763806675e-05,8.421862247940573e-06,0.9997243118157676,3.805907863641314e-06,2.460034653347471e-05,8.369418048874162e-05,9.129643262460045e-05,1.729082914291328e-05,4
2020-02-14,1.1927208227150201e-05,1.9631780409723832e-05,1.454179083385541e-05,8.380548615092667e-06,0.9997138556658618,4.306057752372554e-06,2.4181923249664444e-05,9.213779327711452e-05,9.366685854503081e-05,1.7370373228283655e-05,4
2020-02-21,0.0058830105804822674,0.007825582650674831,0.00823559080078641,0.00265691990160917,0.9244998423094396,0.0011771341230164406,0.005039589035684716,0.019074666897403475,0.018234423235721484,0.007373240465181438,4
2020-02-28,0.005771554034874907,0.007717241940350844,0.008384032029953758,0.002696106174973727,0.9222694568117985,0.0011490572733111656,0.005024322603474735,0.0202907330870683,0.01941337603827956,0.007284120005914407,4
2020-03-06,0.005694693960764747,0.007611604891735066,0.008321320960025662,0.0026678119828325024,0.9223523298443983,0.001159819954438747,0.005005135236837449,0.01960239738302113,0.02026475343421986,0.0073201323517266,4
2020-03-13,0.00553150691248707,0.007539221580955593,0.008164124668900902,0.0025857528875655733,0.9254011852250178,0.0011441599985063105,0.004859259460621565,0.018402277411996276,0.019353257565774717,0.007019254288174093,4
2020-03-20,0.006061025264755576,0.007598922433663363,0.008186131431343044,0.003160432455933379,0.920459975418077,0.0011248674293925232,0.0048731977920736524,0.016968268254835467,0.02417663889589894,0.0073905406240273724,4
2020-03-27,0.006101967718008925,0.0075945096434941305,0.008152543839041966,0.0030939644243201717,0.9208502487097431,0.0011590758747672763,0.004793966341889798,0.01693698340056322,0.02369855394594097,0.0076181861022305165,4
2020-04-03,0.005929330150234227,0.007390502097851801,0.007881043936491226,0.0029941152757255534,0.9247215538032141,0.0011868831281585533,0.0047297958468366,0.015695459297882124,0.021972278017321205,0.0074990384462845245,4
2020-04-10,0.0057187136457803826,0.007081378812879342,0.0075619533811652345,0.002815295291694558,0.9282943202336489,0.0011512122331376858,0.004486012482970229,0.015193775993347402,0.020495137221404336,0.007202200703971811,4
2020-04-17,0.006852950998405036,0.00834638490948611,0.008498047618168234,0.00463836261477614,0.9198867612894943,0.001944290970741669,0.005650128924378425,0.01641178405888495,0.01976737041986,0.00800391819580519,4
2020-04-24,0.00685873806636133,0.008447124535523199,0.008697927451486395,0.004698089349605089,0.9189583969067379,0.001982515122202669,0.005683901817375577,0.016879725846712053,0.019817422168375738,0.007976158735619973,4
2020-05-01,0.006537346455383634,0.008145806289175798,0.008396251662382026,0.004573876405908263,0.9223008571071397,0.0019303673194383082,0.005419346713643936,0.016059108537665158,0.018921758979945483,0.0077152805293176415,4
2020-05-08,0.006537346455383634,0.008145806289175798,0.008396251662382028,0.004573876405908263,0.9223008571071398,0.0019303673194383084,0.005419346713643937,0.01605910853766516,0.018921758979945486,0.007715280529317642,4
2020-05-15,0.007385566178371938,0.008793745326499652,0.008879534392915861,0.005212652190065073,0.9179557594785881,0.002527562276195175,0.0072779014924434365,0.015331053392084307,0.01840514704058653,0.008231078232249778,4
2020-05-22,0.007389986939865033,0.008735523263536603,0.00887455557071033,0.00525735491459335,0.9175067476917912,0.002551823144462032,0.007209950714560223,0.01563667020080921,0.018577213455025502,0.008260174104646429,4
2020-05-29,0.007384673180469308,0.008739659492102156,0.008749454871750226,0.005225559925780624,0.9194905539594882,0.0025488146205832397,0.0071442939336706385,0.01488131631470834,0.0176440957978454,0.008191577903601924,4
2020-06-05,0.00718544033499343,0.008641973097139084,0.008606895531687137,0.005307376213430847,0.9216079042304189,0.0025384013634924454,0.007038435743492714,0.014398946695385268,0.016587123708664157,0.008087503081296155,4
2020-06-12,0.007330833270720413,0.008491433583514604,0.008767724499892424,0.005134415635325976,0.9205847772820529,0.0022638790187433228,0.008372741813927359,0.014840191938164826,0.016213937323700814,0.008000065633957207,4
2020-06-19,0.007245805360190757,0.008457694771334713,0.00877448576357534,0.005181983480004057,0.9209537013806645,0.0023230869969531275,0.008225782612819003,0.014943948505099109,0.01603948825924351,0.007854022870116027,4
2020-06-26,0.007118809250741732,0.00841654383890111,0.008589080788178674,0.005107566008290313,0.9214705024374935,0.002386774580668789,0.008036464437307092,0.014969938521603486,0.016201472494908147,0.007702847641907133,4
2020-07-03,0.0071188092507417314,0.008416543838901109,0.008589080788178674,0.005107566008290312,0.9214705024374934,0.0023867745806687886,0.00803646443730709,0.014969938521603485,0.016201472494908144,0.007702847641907132,4
2020-07-10,0.006917759617074762,0.008109913765251275,0.008610850893480737,0.004433855632374181,0.9175859587604883,0.0018512491313720791,0.006032178526327078,0.017878774491342647,0.02096692993091827,0.0076125292513705145,4
2020-07-17,0.006663776465014855,0.008105452254738198,0.008701263845996322,0.004410937630590538,0.917599135244379,0.001837072366541976,0.005949751663139554,0.01840059784409147,0.021029242158728707,0.007302770526779393,4
2020-07-24,0.006416197602098004,0.008093959053378555,0.008516391901815887,0.004279174035186801,0.9213830090446216,0.0018417311279416379,0.0056358994760677085,0.017081946446711137,0.019399016522340894,0.007352674789837685,4
2020-07-31,0.006564267079553818,0.008319176590307035,0.008709124605518072,0.004338301942059964,0.921644595234896,0.0018707326059203204,0.005587003475197643,0.016676282225157185,0.01893351562644978,0.007357000614940242,4
2020-08-07,0.007428756216034199,0.008365511520322388,0.008817132788270551,0.004940818034227912,0.9216117709781628,0.001579902310511222,0.007719178538347152,0.016103726269394103,0.015479412726432287,0.007953790618297096,4
2020-08-14,0.00742210685044549,0.008761397878828684,0.009139960475642183,0.005056873595619751,0.9205314715310021,0.0015870695195338794,0.007909566013004295,0.016003883603488873,0.015591387300739203,0.007996283231695522,4
2020-08-21,0.007479794598765893,0.008328685205201407,0.009083375342317169,0.005001808504817575,0.9212793301147129,0.0014896181653746314,0.007994701961364349,0.0157535173943104,0.015455778831339367,0.008133389881796394,4
2020-08-28,0.007383160292591955,0.00831990871560449,0.008868057693628575,0.004883163162292115,0.9225705772203047,0.001463389859900347,0.007891803083484715,0.01532409782249175,0.014985993855471136,0.008309848294230385,4
2020-09-04,0.007528040969669261,0.00881021442804987,0.009087050890241713,0.005356122929836615,0.9173271094469302,0.002175151459186647,0.008941063212432612,0.016607588091286304,0.015886107279125428,0.00828155129324129,4
2020-09-11,0.007605348845971156,0.008958540131180416,0.009234791969522184,0.0055022123546059135,0.9162593720621544,0.0021711130139465355,0.008924934890441464,0.016815207182491812,0.01604574616725479,0.008482733382431475,4
2020-09-18,0.007910592338153073,0.009105675602630417,0.009486391538969616,0.005630718416571124,0.9149739072576298,0.002148968145698207,0.009287498090766929,0.01678091110380939,0.015733602800753685,0.008941734705017952,4
2020-09-25,0.008277158482860019,0.009516801187577684,0.00993861424786786,0.005956245500886962,0.9120142267557902,0.002129295110363968,0.009765288214583983,0.017178608397036634,0.016099652345974613,0.00912410975705791,4
2020-10-02,0.007419284308030308,0.008991023708881454,0.009090568079183708,0.005132975274855109,0.9184561556549187,0.001172320395265103,0.008799813443485877,0.016720373602664595,0.016095679456492915,0.00812180607622262,4
2020-10-09,0.007419284308030305,0.00899102370888145,0.009090568079183707,0.005132975274855107,0.9184561556549183,0.0011723203952651025,0.008799813443485873,0.016720373602664592,0.01609567945649291,0.008121806076222617,4
2020-10-16,0.0072997320245868835,0.008849591449675395,0.009196253176439496,0.0050731742641892,0.9190080164441433,0.001164270230941365,0.008527161030957924,0.016942836974625158,0.015985047472350095,0.00795391693209116,4
2020-10-23,0.007329180989042793,0.008862555627843122,0.009062408381718462,0.005067199437607281,0.9203575522798751,0.0011710433556395832,0.008622061766937621,0.016309018993466966,0.015344948424108185,0.007874030743760878,4
2020-10-30,0.0077451029640437236,0.009082355793212718,0.009186206318232512,0.00513113958469516,0.9214082106224668,0.0011512897883180356,0.00931290165272397,0.014277527462806874,0.014372445237572931,0.008332820575926866,4
2020-11-06,0.007485592681101633,0.008923835502397516,0.009157831125404867,0.005239809911145077,0.9229440194857073,0.0011821147845235325,0.008788676440937662,0.014222626954116921,0.013902719392867897,0.008152773721797605,4
2020-11-13,0.0075860910711968476,0.009349236565947286,0.009256686955480526,0.005589888882889258,0.9211887024695692,0.001136692370399842,0.008815156715719245,0.014593352103023599,0.014271564739374774,0.008212628126399644,4
2020-11-20,0.007766551273571976,0.00971467344336346,0.009306184963733578,0.005498256182085038,0.9210940925030017,0.0011247917657968933,0.008720542111130923,0.014360545182767035,0.014230184046093667,0.00818417852845578,4
2020-11-27,1.2431584124218643e-05,2.092379778661493e-05,1.3171999000311484e-05,1.068128817394761e-05,0.999853319104967,2.7821948639955465e-06,2.1624311733214798e-05,2.728471828102475e-05,2.502997982518863e-05,1.2751021244393696e-05,4
2020-12-04,1.3136284066016473e-05,2.0955779873967507e-05,1.3417635133750217e-05,1.0617007599764537e-05,0.9998512825888256,2.728353740121352e-06,2.2632057451853485e-05,2.7058153354236798e-05,2.507786178929151e-05,1.3094278165456433e-05,4
2020-12-11,1.2561557651648109e-05,2.0279522625610893e-05,1.317694934562438e-05,1.0371665390557961e-05,0.9998548068191193,2.816593367725563e-06,2.212279087852723e-05,2.6946455721440828e-05,2.4419561782000298e-05,1.2498084117586341e-05,4
2020-12-18,1.238715348829717e-05,1.9682623128446146e-05,1.2818406789214121e-05,9.968533194151097e-06,0.9998603838956626,2.745719556470443e-06,2.0983200040885846e-05,2.5844132827353627e-05,2.319628931449857e-05,1.1990045998032532e-05,4
2020-12-25,0.008332722679429486,0.009614506679609641,0.009605785529697389,0.005683601074006089,0.9222847322653409,0.0011215904014075795,0.008633206434464774,0.01293947358134287,0.01300284026568975,0.008781541089011469,4
2021-01-01,0.008109824077568667,0.009786390800547287,0.009993089276498456,0.005716042439484193,0.9224404098230351,0.0011375917136767228,0.008365570816118278,0.012875654579207654,0.012675278543891477,0.00890014792997212,4
2021-01-08,0.008109824077568667,0.009786390800547287,0.009993089276498456,0.005716042439484193,0.9224404098230351,0.0011375917136767228,0.008365570816118278,0.012875654579207654,0.012675278543891477,0.00890014792997212,4
2021-01-15,0.007342257277572183,0.009602244115249365,0.009670049380777092,0.005545566261489217,0.9273796179793681,0.0010559358639818314,0.007705047152308306,0.012304237032410877,0.011681586761146206,0.007713458175696857,4
2021-01-22,0.009657536621627077,0.010961447255950926,0.01045925122136905,0.006851228940997947,0.9070328152087451,0.0034573718171491408,0.011170300821410017,0.01506076034276585,0.015001601337124623,0.010347686432859993,4
2021-01-29,0.009559776211942525,0.011515005028254893,0.010909934718744404,0.006954228386601196,0.906047790093834,0.003729710295834417,0.011000301188937038,0.015330700076535331,0.014894245156868914,0.010058308842447296,4
2021-02-05,0.009149299806965943,0.010982378185253605,0.010422428835292269,0.0067213048773585166,0.9101578229561952,0.003509795436928575,0.010707755268932586,0.014298340991432642,0.013933796377511687,0.010117077264129033,4
2021-02-12,0.008711162506063873,0.010583463267265237,0.009903388823115051,0.0066258543690631425,0.915289128864969,0.003526536753441626,0.010427576164931052,0.013006896284292704,0.012720667964097385,0.009205325002761134,4
2021-02-19,0.010145563092599383,0.011882415774592328,0.011178345322505487,0.00748773988082245,0.9028876191339061,0.004982888217067327,0.011565488447132871,0.014371285114847906,0.01476707678390704,0.010731578232619693,4
2021-02-26,0.01067130200819383,0.012739402753195288,0.011118351306499314,0.007302414486066655,0.902321460871223,0.004824222445001302,0.011228517707582198,0.0143661294180924,0.014931098240789357,0.010497100763356727,4
2021-03-05,0.011576947225683233,0.013413722048291566,0.011807337789868633,0.007429772753320202,0.894989544040989,0.004926010497414384,0.012384563432064347,0.015324869855397617,0.016238460625102317,0.01190877173186865,4
2021-03-12,0.012348608622244314,0.01352393636117058,0.012057267773857558,0.007699877499098365,0.890555624456637,0.004966018324398151,0.012875372954418195,0.016140521350219872,0.017047924786477455,0.012784847871478353,4
2021-03-19,0.011832121064186144,0.014618774778640917,0.011698385705448608,0.007344518854033338,0.8881228828288557,0.004223750617177557,0.01496949075542399,0.01552774228668595,0.017028973591599536,0.01463335951794792,4
2021-03-26,0.011703258356589656,0.014431066029881555,0.011677477348778845,0.007409984127593206,0.8890648542595246,0.004210325537917683,0.01473103898958756,0.015060124073979025,0.016990915861146236,0.014720955415001551,4
2021-04-02,0.011250537922775895,0.013580022877656575,0.01154720644625243,0.007344803116169938,0.8902832408601097,0.004322550482444497,0.01461226827523734,0.015148793580197795,0.016995906677291825,0.014914669761863977,4
2021-04-09,0.010932187207098962,0.013219848158079544,0.011169096525588037,0.007207047065029457,0.8939894072989775,0.0042405174252557075,0.013857007084798686,0.01492414866729675,0.016284274180232896,0.014176466387642387,4
2021-04-16,0.011871064284661892,0.014034185284258358,0.011781639117435225,0.007600793404214989,0.8873005056810244,0.004731274229043805,0.01509008433742047,0.01559032696779275,0.016484854699236606,0.0155152719949114,4
2021-04-23,0.011991946694971419,0.013820378877907682,0.011582557823617994,0.007505995041372583,0.8883197728757782,0.004644165694014028,0.014817179108660464,0.0155261607507277,0.01659659089298187,0.015195252239967842,4
2021-04-30,0.011262021873256969,0.01371662181419703,0.011360017889956678,0.007357387976351195,0.8914888723603794,0.004751416933778929,0.014403065259667626,0.015467713635035655,0.01593043482569926,0.014262447431677051,4
2021-05-07,0.011205650149108574,0.013702329044484535,0.011286175314998061,0.007349508031433757,0.8928161472803763,0.00498991429067964,0.01419107758397589,0.015227472365435455,0.01522742759222906,0.01400429834727854,4
2021-05-14,0.013656444422843084,0.018131968513619576,0.012051635928583243,0.007153411606304547,0.8814063473349323,0.004493751516514918,0.015299299359100044,0.015718371062170042,0.01617456600682743,0.01591420424910464,4
2021-05-21,0.013227218398534852,0.01693222999645282,0.011775865235669588,0.0070190394073754775,0.8839848740980947,0.004729147588613865,0.015255403046661942,0.015507048409358171,0.016041454257927874,0.01552771956131069,4
2021-05-28,0.012785949730377402,0.01674456853732097,0.011761844997612948,0.007134039046695855,0.8853815595447005,0.0046030511763371276,0.014765926606485527,0.01549957747119166,0.015746388426693694,0.0155770944625841,4
2021-06-04,0.012659983365122867,0.016715205285638645,0.01167658775571596,0.007067286910688208,0.8858303365882584,0.0045099696604434325,0.015066724656554287,0.015757704604874863,0.01575566920564285,0.0149605319670605,4
2021-06-11,0.013237346475992048,0.016017476489434482,0.011944737047459006,0.006999872995111622,0.8870074549735621,0.004228274659597506,0.014576264242960615,0.014884004342080662,0.015856648184971317,0.015247920588830455,4
2021-06-18,0.01432503135039428,0.016633122263204323,0.012633826473062005,0.0073151367706389145,0.8816002454636117,0.004374317704572575,0.014813009683297306,0.01565131627894458,0.01674625772816497,0.015907736284109218,4
2021-06-25,0.014215484957508965,0.016136489146967154,0.012885549481983952,0.007400435801162713,0.8804798555881702,0.004329493203590831,0.014786270365787934,0.016353384585264894,0.017564686358369986,0.015848350511193352,4
2021-07-02,0.014898028849152983,0.016741289413621414,0.013350981937850007,0.007461648170179586,0.8775120203637405,0.004453307583489817,0.015039236472090713,0.01691053147599951,0.017502835178302423,0.01613012055557288,4
2021-07-09,0.015023447054415592,0.01699448871248195,0.013962244637636428,0.007849502430081312,0.8732700541160175,0.0064389558177640055,0.015122366002875892,0.017612744276822148,0.01696561970680438,0.016760577245100702,4
2021-07-16,0.015429100295530842,0.019088685953399586,0.01508955962132898,0.00813840779789547,0.8661412653249421,0.006400045074739485,0.015441030240553443,0.018864030488455714,0.017876649017122256,0.017531226186032055,4
2021-07-23,0.015414883892787064,0.01926633641125132,0.014774888907048391,0.007812605297587347,0.8680847220943239,0.006420699872464294,0.015174265593414013,0.018335802860681278,0.017543906456515348,0.01717188861392718,4
2021-07-30,0.016099524487414116,0.02048634019505168,0.015700637518609544,0.00814224666808734,0.8630500143519652,0.006465214880573363,0.015573779226215409,0.019355982094994503,0.017803067721453538,0.01732319285563534,4
2021-08-06,0.019986020297123736,0.044734478518335244,0.021881995587088962,0.011334309543025653,0.8039432525574312,0.01261481047422687,0.015962101396713724,0.027375166665085174,0.020998266349618017,0.02116959861135158,4
2021-08-13,0.01990004959563483,0.04460493763659233,0.02262348484064698,0.011503270346941428,0.8051384817629271,0.012294634108269075,0.01569705752336225,0.02635086529250053,0.020859244292314425,0.021027974600811083,4
2021-08-20,0.020156037834767986,0.04428675198589465,0.021708842176006316,0.011241704949467891,0.8097846637949219,0.011689847636393833,0.015804978170143362,0.02466920831344992,0.019854229667362944,0.020803735471591155,4
2021-08-27,0.020795794337816757,0.046241260667634926,0.023000371683682422,0.011780381016085946,0.7992000072761682,0.011703099156374033,0.017335795916790363,0.026114818920259703,0.020889998994411733,0.02293847203077577,4
2021-09-03,0.02421352565009499,0.058377778555362476,0.02612403898044681,0.012261106974851207,0.7839364955613012,0.008310103697119181,0.016971581319008208,0.024563094915311168,0.019364748545140385,0.025877525801364154,4
2021-09-10,0.025991585722251045,0.05775288808460572,0.025851420773290633,0.011927215866853259,0.7827278868257306,0.007947468429426573,0.0173513682118777,0.023275529351559538,0.019211131787900956,0.02796350494650412,4
2021-09-17,0.027681852374823488,0.06046424262102495,0.025736588473399973,0.011892110781000893,0.7784811902537807,0.007940988780346016,0.017403666141223274,0.02337445994750488,0.01889006043893667,0.02813484018795911,4
2021-09-24,0.02830891358145621,0.05911564469065209,0.02480093793628833,0.011397468915015828,0.7813912795349219,0.008227649861376555,0.016835723703650447,0.02269394424084243,0.018280414383688385,0.028948023152107864,4
2021-10-01,0.03149052757988828,0.048585670476352594,0.023293884115106772,0.009861095583123938,0.7811749446516862,0.0072713191438851105,0.01558572000739239,0.021221951950691,0.017261597495952068,0.04425328899592157,4
2021-10-08,0.03149052757988828,0.04858567047635259,0.02329388411510677,0.009861095583123937,0.7811749446516861,0.00727131914388511,0.015585720007392388,0.021221951950690997,0.017261597495952064,0.04425328899592156,4
2021-10-15,0.029447468516888637,0.04231253014802816,0.021194454551658005,0.009521966880952876,0.7989349114347258,0.006926962778351196,0.014972584344478727,0.02001692117914605,0.016135957370193892,0.04053624279557652,4
2021-10-22,0.02849618600852939,0.042321484457310224,0.0212050373987357,0.009760282083390448,0.8041771748562766,0.006707651063982322,0.014875969726360716,0.019961317132158714,0.016186090172911612,0.03630880710034423,4
2021-10-29,0.02619269414284142,0.03952807293393104,0.022466604712451002,0.011988078548512693,0.8023682905236587,0.008156361759105168,0.01751505568356901,0.021820921293307607,0.01727986921953458,0.032684051183088786,4
2021-11-05,0.0243119138804182,0.03831289612844995,0.023190382456243,0.011789485470983513,0.80440616520764,0.008001833823656204,0.016838259960737144,0.02208629593698747,0.01765504642528628,0.033407720709598465,4
2021-11-12,0.02306405260144472,0.036066343168167564,0.02236288611209695,0.011685784595974748,0.8106366285198752,0.007826083975766392,0.01633157948626449,0.022825059885585107,0.018150056115372643,0.03105152553945218,4
2021-11-19,0.023263177971372447,0.03760822644902151,0.02352158649113074,0.011897871574761134,0.8043812899179594,0.008029137519728098,0.017230887179090614,0.023892131361074126,0.019176310397812035,0.030999381138049936,4
2021-11-26,0.021527974940217257,0.03086362725247381,0.02306698884740152,0.011736446313682744,0.812315061491994,0.008993664622205633,0.016716493125673804,0.02589435098693718,0.019937341273040525,0.0289480511463735,4
2021-12-03,0.021614240119932373,0.031717755125937844,0.02305577206995713,0.011632467277706768,0.8119146865640253,0.009131310566015401,0.016484696284115686,0.025498380878606768,0.019887596338551045,0.029063094775151867,4
2021-12-10,0.022574805966617185,0.031153124919125013,0.022873827620712918,0.0113737804306931,0.8115044096197555,0.008780649356145247,0.016395261304751784,0.025323464328549154,0.01961453624517141,0.030406140208478812,4
2021-12-17,0.021589635433972108,0.030563470048350957,0.02233837777392051,0.011472400415188615,0.8146255217045423,0.00860803910907817,0.016384056010333426,0.025168959094087638,0.019252860346715132,0.029996680063811215,4
2021-12-24,0.024580946670432383,0.03253286306536998,0.022382373193326102,0.010907259566112285,0.797911898026229,0.008470500070040826,0.0174940493434102,0.026853484537601918,0.01972937441918724,0.03913725110828968,4
2021-12-31,0.0238114325048472,0.030266646162911293,0.020786296949242753,0.010588150524893,0.8053916357614231,0.008172823425122705,0.016782599643515857,0.02617317968879987,0.019070371262022195,0.038956864077221924,4
2022-01-07,0.023614598861392163,0.0314334187127904,0.021867241561614483,0.010959725944873738,0.7999798531253657,0.008501595381068434,0.017231658572653845,0.026999589035254908,0.020064372752034966,0.03934794605295142,4
2022-01-14,0.02453328840510569,0.03165592152681737,0.021370475100085513,0.01117155549436535,0.8005615295143107,0.008294878458618739,0.017881715003482557,0.02631201368815065,0.020512580463647727,0.03770604234541567,4
2022-01-21,0.026168510213045323,0.035160489766899033,0.02371392050022776,0.012632859895514228,0.78351421767704,0.010792589468606395,0.018903490205859824,0.028706827460985518,0.022548980766655957,0.03785811404516587,4
2022-01-28,0.026357940171640164,0.03393932750426445,0.022937895183468608,0.012429936060036815,0.7875648816483772,0.009937597544769163,0.01920466245964158,0.02833357525250679,0.021869226511728086,0.03742495766356725,4
2022-02-11,0.025963547710774592,0.03422923393243449,0.02338078623386475,0.012407024137471705,0.7883010741797167,0.009772340767669929,0.019310725446945676,0.028030750609318613,0.0212364198300872,0.037368097151716385,4
2022-02-18,0.031895745191705085,0.03393936680962062,0.021172688583711297,0.012337897164212741,0.7822359976424997,0.00877256228594045,0.021308632098604965,0.025941908570739067,0.02107354705777746,0.04132165459518844,4
2022-02-25,0.03142916489924625,0.03432589016683676,0.021459768673068175,0.012111091687212625,0.7844361449506582,0.009095220921932606,0.020517601727017973,0.026014713574776603,0.02097497783791799,0.03963542556133285,4
2022-03-04,0.03210812317492842,0.03528705471745688,0.022293678570900824,0.012153766674015519,0.7788668720449743,0.009517705897362854,0.020354646054280764,0.02723766088964467,0.021077732655442303,0.04110275932099349,4
2014-12-05,0.005873684093168727,0.005115027567192863,0.010665891486989779,0.023310685290083705,0.04412598515110849,0.37249237518409806,0.22715307049443942,0.135778451886842,0.033445914020933415,0.1420389148251435,8
2014-12-12,0.0061269300939659705,0.005008215728177081,0.010393730053292735,0.022645416389434823,0.043120826043646726,0.3579412507636989,0.2498449858215327,0.13054879978989153,0.03264816752622203,0.14172167779013736,8
2014-12-19,0.005892815918828754,0.005186455590530665,0.011093413768274928,0.02328623469494777,0.04401223359088967,0.3555344013756929,0.24209381024268378,0.13004773155009208,0.032891903711932215,0.14996099955612707,8
2014-12-26,0.006057529626827399,0.0051043940627857635,0.011728484091906903,0.02242040839739942,0.042313315277382885,0.3395756765268185,0.2564391765920893,0.12664170696535648,0.03280094337652109,0.1569183650829121,8
2015-01-02,0.0033302162768153454,0.004089576400930203,0.009715035032220612,0.020452620429921756,0.07337853634028293,0.20847607762448433,0.23300327673781643,0.08816151810779163,0.029241178068267468,0.33015196498146937,8
2015-01-09,0.0033302162768153454,0.004089576400930203,0.009715035032220612,0.020452620429921756,0.07337853634028293,0.20847607762448433,0.23300327673781643,0.08816151810779163,0.029241178068267468,0.33015196498146937,8
2015-01-16,0.003468285743887914,0.004122278013234212,0.009714867139993803,0.020724388442249716,0.07441826114793773,0.21094401862923043,0.23577821049593842,0.08819766021880793,0.0289409627289145,0.3236910674398054,8
2015-01-23,0.0034027949112525047,0.00401398178095681,0.009664133866119277,0.02087570279673177,0.07264455504106566,0.21191167365133082,0.23739414762314073,0.09343828146850187,0.029021857142194997,0.31763287171870563,8
2015-01-30,0.004474763368889925,0.005789910138253654,0.013359890457141116,0.02976535876788816,0.06958867438651546,0.22818633428517068,0.3237271333862688,0.11788827674853353,0.0260653708016024,0.18115428765973637,8
2015-02-06,0.004372861815877956,0.005894320528895584,0.013387307574281214,0.030316442681957892,0.07086085629542321,0.2320948242163592,0.31121409808205075,0.12025613828318235,0.026312252191749475,0.18529089833022236,8
2015-02-13,0.0042949806820339,0.005843628874514027,0.013114158668061201,0.030819110010003856,0.07075335567378893,0.23349708654570453,0.3117277651196907,0.12600610969419748,0.026859246297214003,0.17708455843479143,8
2015-02-20,0.004213237734723472,0.0057887989332974414,0.013133639410983111,0.030970947967330735,0.07093842920749752,0.23139194626410484,0.31076296504629897,0.1278301657359998,0.027216017340791227,0.17775385235897276,8
2015-02-27,0.0034256585950570573,0.004391315357284778,0.00874629974054765,0.024213160923200264,0.06806385646826726,0.2070924113288004,0.314894080454993,0.20353764608745611,0.020555510592139073,0.14508006045225433,8
2015-03-06,0.003444506911809056,0.004429406136030303,0.008988387069660776,0.02453659955684283,0.06779055135028268,0.2063532990159313,0.31018263955265585,0.20563835720809842,0.021205454101984444,0.14743079909670426,8
2015-03-13,0.003452615659727418,0.004557487708682501,0.009040283831503192,0.02486337347431135,0.06951025777972743,0.213160906673583,0.2998771045248005,0.20876025668053044,0.02084019150354148,0.14593752216359268,8
2015-03-20,0.0034334148335612106,0.004464192742541234,0.008954749567417822,0.024855615335140562,0.06905031291805945,0.21018906440489518,0.30432045454030826,0.20875394358494348,0.020525855116424314,0.1454523969567084,8
2015-03-27,0.00317519069274394,0.003841743699174713,0.008049734750408877,0.020930963843596856,0.04767221870092753,0.31082757487058815,0.2683291853783647,0.1479237936160392,0.019016537602668387,0.17023305684548765,8
2015-04-03,0.003195507547474084,0.0038741469848799113,0.00832193077277761,0.021375727018311603,0.048377996655315114,0.31637488183595064,0.26091820985419345,0.14993677729365124,0.019315950831285997,0.16830887120616025,8
2015-04-10,0.003118584463860457,0.0038632494650980937,0.008342653774633427,0.021421955651070895,0.04762535513946578,0.3174983273454321,0.2593223821934422,0.15329651950290848,0.01954023672409734,0.16597073573999116,8
2015-04-17,0.0030887975750907236,0.003778322902314102,0.008306169572836856,0.02070042426464461,0.04791567949248588,0.31819105391062696,0.265694468203545,0.15068157473148727,0.019320734351982415,0.16232277499498624,8
2015-04-24,0.0046130382508220436,0.006596347278182729,0.022937905244779233,0.04567992160016374,0.08621200516435641,0.1909362390902113,0.32502281295291685,0.1150172136863234,0.04042075975972773,0.16256375697251657,8
2015-05-01,0.004683991602617738,0.006901505844551002,0.02313325296735569,0.04733866659594177,0.0877038545700674,0.19020321939894377,0.31031387399589216,0.11983838775913364,0.04299929556519963,0.16688395170029724,8
2015-05-08,0.004683991602617738,0.006901505844551002,0.023133252967355692,0.04733866659594178,0.08770385457006741,0.1902032193989438,0.3103138739958922,0.11983838775913365,0.04299929556519964,0.16688395170029727,8
2015-05-15,0.004422642339071539,0.0065589452078000845,0.022386537381919393,0.047353974722815384,0.08548209498530522,0.19123159362900066,0.30917930560558093,0.12618099196033367,0.04323061109283262,0.1639733030753405,8
2015-05-22,0.0033627251259443144,0.002969390870808497,0.005995790353710798,0.02689443218076744,0.04140241003292042,0.07947527764190812,0.166769698147419,0.3193050284693119,0.023329565025466084,0.33049568215174346,8
2015-05-29,0.003324662187182533,0.0029279217924326087,0.006038809597301128,0.02730505856105997,0.041596522721352815,0.08136460027935673,0.162482029764932,0.3233015422998621,0.023829295113776943,0.32782955768274313,8
2015-06-05,0.0032417756640209247,0.0029230421171587482,0.005982567062711658,0.026986048058882196,0.040918395632628064,0.08193956156991698,0.1530115938177203,0.33119070537968925,0.025169357216962496,0.32863695348030947,8
2015-06-12,0.0033437545259363912,0.002990525984381851,0.006035138116563607,0.026893677291958643,0.04001777025158003,0.08019346236587636,0.15166238045974978,0.327624642418732,0.02495254364854846,0.33628610493667294,8
2015-06-19,0.004809393079347808,0.004022257492624318,0.005836694463624004,0.028028773897840725,0.030244443726408582,0.12507476213773544,0.09140133902274337,0.26683562507808334,0.023510738154710567,0.42023597294688175,8
2015-06-26,0.0048153084780707634,0.003987674114643195,0.0056743313622604485,0.027979829343088517,0.029720677800026137,0.12383275573834351,0.09130510516169059,0.25821013926234465,0.022442310048548828,0.4320318686909833,8
2015-07-03,0.004955708234259802,0.0039285134080775195,0.005686471169707119,0.027344658094855607,0.030525184011376588,0.12249933701255933,0.09308146313407312,0.243347798151655,0.02168137590789793,0.44694949087553804,8
2015-07-10,0.005120332045049291,0.0038034811148846986,0.005433673833742956,0.027997795461943958,0.03133856993970742,0.1289549321198945,0.10324002798857741,0.24408869863649674,0.020801534572060843,0.4292209542876422,8
2015-07-17,0.00498839672534232,0.0056006371826098425,0.011074312989919094,0.03396258391215412,0.044281875002944726,0.3477256302611077,0.28593940220526404,0.07275840899852393,0.028463317116938655,0.1652054356051957,8
2015-07-24,0.004820860955386079,0.005645995026144394,0.011276956144532987,0.034177430251056205,0.044269527974801576,0.36132108677795094,0.2645102406970138,0.07756862177805296,0.031822838224563464,0.16458644217049764,8
2015-07-31,0.004911212680873727,0.005729827660750668,0.011646016604408916,0.034465661546246654,0.04438823587920005,0.3626118022144515,0.25469790083107563,0.07892945805842948,0.035443636528741475,0.16717624799582192,8
2015-08-07,0.004708812122264637,0.005752972046296469,0.011482035804884671,0.03452032033303798,0.04503773280659262,0.364790284182994,0.2519045849164713,0.07750156122909749,0.033900124386680074,0.1704015721716809,8
2015-08-14,0.004432278921413679,0.00450242424793533,0.006770584239587665,0.02635798212142812,0.02672661789390142,0.3021386043592345,0.1742007830328649,0.06507458135449999,0.03642586778248003,0.35337027604665433,8
2015-08-21,0.004524877572754025,0.004550120426372254,0.006867177976631106,0.02699337256479445,0.0268345413296657,0.2981174117922808,0.17060410561947378,0.06521684078147764,0.036970535391049504,0.3593210165455008,8
2015-08-28,0.004398762393792831,0.004602121963785411,0.006691246847474937,0.026484903290190605,0.027049119811303955,0.3018942391719366,0.1697967291909263,0.06427260877145456,0.03654494136163708,0.3582653271974977,8
2015-09-04,0.00420123369704794,0.004438963448802126,0.006593805856117541,0.026743777794178566,0.027879504942856008,0.30395119585936303,0.17482669394990089,0.06102787129358517,0.0348346555918104,0.3555022975663384,8
2015-09-11,0.0035001754641931226,0.0046019437138123676,0.008211600075970271,0.033963854484734074,0.06689738955063919,0.22899625720218295,0.23476257000858258,0.0500338921438467,0.03663554232586779,0.332396775030171,8
2015-09-18,0.0035083261033487896,0.0045131532903073725,0.008114840064056241,0.03292862281953149,0.06380372773366126,0.22581353195405873,0.2398053517843423,0.049001541326213864,0.035059444455190034,0.3374514604692898,8
2015-09-25,0.0035566163193228,0.004373174933552796,0.00816333144557065,0.032540311285571964,0.06447434957377374,0.2239438366314877,0.24619812489711543,0.04778766450373078,0.033649789750747595,0.33531280065912655,8
2015-10-02,0.003588350409068119,0.004386696416147103,0.008268336478575793,0.032916464129057854,0.06514103182861722,0.22796282927730532,0.2489027986079904,0.04896352406188969,0.03477718921280005,0.3250927795785486,8
2015-10-09,0.005787683140410768,0.007213661695953326,0.015860066454374322,0.04061524393789975,0.06872477480064076,0.22329104511024928,0.32318608707142327,0.05620822221501348,0.041884094044233336,0.21722912152980167,8
2015-10-16,0.005599850861430159,0.0072449190763158025,0.015787796937549597,0.0411458725992077,0.06843069675648687,0.2268599125118245,0.3183574069558814,0.058584745971023394,0.043189961240093874,0.21479883709018677,8
2015-10-23,0.005603681263442096,0.00735562187019649,0.01609806302938072,0.04161253480554257,0.06870974491763979,0.22277200731251165,0.3157884105965659,0.06197427423990817,0.044698583704471134,0.2153870782603416,8
2015-10-30,0.005389368644216786,0.007226247317452223,0.015772619485227516,0.04146078852611266,0.0678762646847268,0.23127700428482395,0.3144076188510528,0.061883818467930736,0.04469090511971278,0.2100153646187437,8
2015-11-06,0.0038771139718264055,0.005249033901211578,0.011143548277357015,0.03596775619542672,0.058642013779225725,0.30961454708253083,0.29280404890630013,0.04356214914053469,0.04001012439103767,0.19912966435454932,8
2015-11-13,0.0038469077080494508,0.0052406066673549205,0.011037711588469227,0.03556548523886426,0.05735122705120278,0.3015362647419516,0.3039117460870725,0.04420403393863666,0.04017439217895676,0.19713162479944182,8
2015-11-20,0.003797410994070915,0.005265492858588278,0.010957518455236157,0.035468895514027814,0.05652952699075954,0.3031216282577249,0.30227253018430994,0.04450674513716005,0.03977139738788877,0.1983088542202338,8
2015-11-27,0.0038191469355288383,0.005355002998057965,0.011044986864213678,0.03551939563510905,0.05661643626465378,0.30332310817832936,0.3024149335824631,0.045681377066164895,0.04185624924998522,0.19436936322549406,8
2015-12-04,0.006312444477886023,0.009799334383704554,0.017384725605608567,0.05456133615771724,0.06123637121636237,0.18597181323113562,0.3716209650723841,0.062981150228474,0.05389988628359889,0.17623197334312862,8
2015-12-11,0.006203795868964116,0.009726553869088087,0.016910683746081328,0.05447096638717645,0.060884884606204705,0.1853194305032053,0.3770957712607743,0.06181135257414122,0.05200236537823532,0.17557419580612918,8
2015-12-18,0.006056600142469663,0.009669749885041115,0.016574952757441697,0.05506065443553405,0.060178383046407,0.18713838049294274,0.37861447757147626,0.06209011996746758,0.052884691670031125,0.17173199003118886,8
2015-12-25,0.006015920194263224,0.00967615709761091,0.01656790661976419,0.054921036249228866,0.06032471966545037,0.18730713486588615,0.3796663352598532,0.06210172168162481,0.0537051567043726,0.1697139116619457,8
2016-01-01,0.005693094599717924,0.009246419934262132,0.015264207610389241,0.06221168814184896,0.06077232767444979,0.21926871717072796,0.3837594203718918,0.05440085491133362,0.04766477629552669,0.1417184932898519,8
2016-01-08,0.005693094599717923,0.00924641993426213,0.01526420761038924,0.06221168814184895,0.06077232767444978,0.21926871717072793,0.3837594203718918,0.05440085491133361,0.047664776295526685,0.14171849328985187,8
2016-01-15,0.00628308013103329,0.009390546153501026,0.014964097142263395,0.06061557470241415,0.06251605853579215,0.2128691765990419,0.3884978482301615,0.05181289914930041,0.049311554146682424,0.14373916520980967,8
2016-01-22,0.006076841302854902,0.009141505833255112,0.014651277579983546,0.060135209116124695,0.0625536408335811,0.2129778869508859,0.3940929555060963,0.05210684599706012,0.04578793583179525,0.14247590104836302,8
2016-01-29,0.006435379296389002,0.009204351794236024,0.012580749960305088,0.04445168993695341,0.08374946318867757,0.22532374946117983,0.38176662190759514,0.05610705807557304,0.048839896608867825,0.1315410397702231,8
2016-02-05,0.006569399412919753,0.008982800194037955,0.0120956059452633,0.04386398937167787,0.08548636275116324,0.224930085571781,0.3881014692732671,0.05547490178078206,0.047287979473346405,0.1272074062257614,8
2016-02-19,0.006393059550293177,0.009108496410855172,0.01215798709767551,0.04444897026550519,0.08583622153269549,0.23010176826008538,0.3821862149436442,0.056476990014891607,0.0464324409577099,0.1268578509666443,8
2016-02-26,0.007089657664423557,0.00916385812288903,0.013170948090535081,0.04164209888181413,0.08853827407187438,0.25552403427198045,0.40106199833609335,0.053313974185657934,0.03905891246562876,0.09143624390910338,8
2016-03-04,0.0074101723159420135,0.009380842693893436,0.012889387298000014,0.041226230918089454,0.089824725818072,0.2514991954144119,0.4052246749290511,0.05145951254159331,0.03755637251812177,0.09352888555282497,8
2016-03-11,0.0076391229063801505,0.009474160195288156,0.012722741879226375,0.04013528150393732,0.09100344616387929,0.24120942983258964,0.4211475835932536,0.04840756964608859,0.03620846503915654,0.09205219924020025,8
2016-03-18,0.007442788110211115,0.00932867877591035,0.012661786796451675,0.04043188852762693,0.09090835026739782,0.2438639768596538,0.41770534055923464,0.04879822054670204,0.03691411218381944,0.09194485737299224,8
2016-03-25,0.006956421471099462,0.009196765484421818,0.01267404402917062,0.03739128245965008,0.10729903970176263,0.24748784025252957,0.4009311976101305,0.04799485364513993,0.03914649922817289,0.09092205611792267,8
2016-04-01,0.00675934016848902,0.00904267183712866,0.012747492403206337,0.03773810219354476,0.10917673160935684,0.24648701523228905,0.40015345199061175,0.04836418219994721,0.039001311100638404,0.09052970126478789,8
2016-04-08,0.006906021532378231,0.009216815710204572,0.012792741677510695,0.03746012509724087,0.10933214348459734,0.24619919052278658,0.3996540856346585,0.048224574650798,0.03919662239895151,0.09101767929087369,8
2016-04-15,0.006958204305257755,0.009288238928759893,0.012800167413799128,0.03780225515672046,0.10916703334954952,0.24985894721899915,0.39510890390565134,0.048825961638089846,0.03976203128693255,0.09042825679624045,8
2016-04-22,0.006222925920630125,0.007806043185340485,0.011638433443137725,0.035779029786000935,0.11407268150472996,0.28648391452202704,0.3748145095847918,0.04966468817642615,0.03923467014403709,0.07428310373287872,8
2016-04-29,0.006225979455923401,0.007755330446845272,0.011333512923987125,0.03546681058588644,0.11462898324987032,0.2814841310386304,0.3825244873640321,0.04825827853223298,0.03841175343322592,0.07391073296936612,8
2016-05-06,0.006263189915999618,0.007676321242394864,0.011228510355362533,0.035585209315595806,0.11722277845762112,0.28175443267981015,0.3794842248730753,0.048384436683559726,0.038870070109703565,0.0735308263668773,8
2016-05-13,0.006051743558189686,0.007634160151393749,0.011271571149164062,0.03567268069389865,0.11885321289368535,0.2823283770155473,0.3776134720872603,0.04878753183961695,0.038709171342641756,0.07307807926860223,8
2016-05-20,0.006087068814174854,0.008242135342441947,0.011932417991085825,0.0353444519532871,0.14870330598919573,0.2631456838918249,0.37836390634133255,0.04872425016752408,0.03755097081261861,0.06190580869651443,8
2016-05-27,0.006088712000625111,0.008267481738576209,0.011841241584513038,0.03523190759092641,0.1471904486686625,0.26334838921412007,0.3800810177463327,0.049700739954469886,0.037019571015812706,0.061230490485961235,8
2016-06-03,0.006115179103224542,0.008257291839585783,0.01182247158626642,0.03551378353426546,0.14575102224675843,0.26261786150123223,0.38038375093817495,0.050571024092508333,0.03767977413095015,0.061287841027033566,8
2016-06-10,0.006013766840053023,0.008296802627321133,0.011760974510824727,0.03551876288974716,0.148657384316105,0.2622072516361197,0.3771141265851336,0.05155668158474075,0.03815994168411154,0.06071430732584353,8
2016-06-17,0.005188553759443014,0.006824942413351652,0.009878190758991517,0.03173578183301973,0.10467553020966973,0.33388287620165014,0.3568906979347031,0.05328816584405176,0.03333289265864513,0.06430236838647424,8
2016-06-24,0.00515274028646345,0.006959663766275267,0.009796740831541641,0.031241220290146546,0.10632559515548909,0.3339571383702869,0.35606491489815545,0.0524977973043196,0.03400353208789438,0.06400065700942768,8
2016-07-01,0.005188951668745283,0.0068873886111842746,0.009715706596312861,0.031066934720878812,0.1040379904838908,0.33478062323928137,0.35744048195908085,0.05282361055357752,0.03417246200720672,0.06388585015984145,8
2016-07-08,0.005182549013024782,0.006835203084239068,0.009733210137765534,0.03105479650764563,0.10448323066811512,0.33752602937839715,0.35490903572440835,0.05319224869514915,0.0337230448677944,0.06336065192346095,8
2016-07-15,0.005529472110956016,0.007740317946101229,0.010898707812732639,0.03249645057189132,0.12022395365853543,0.28626767226479444,0.37225844368602323,0.05233580599977398,0.03907580881393929,0.07317336713525235,8
2016-07-22,0.005693875821720175,0.007760576873090399,0.010873023115618797,0.033053605302873566,0.1207612174684723,0.28684680116405636,0.37008057370745506,0.05178648067543204,0.039953589529432496,0.07319025634184888,8
2016-07-29,0.00559897877769951,0.007676314006550021,0.010880199135177645,0.03322132382195402,0.1186207688727305,0.2862102095504862,0.3701934901891419,0.05268699162567592,0.041576091976573276,0.07333563204401106,8
2016-08-05,0.005548754907297377,0.007536823722927529,0.01076449687262372,0.03288658813906705,0.12070833686081217,0.29076858544274564,0.3675957865578278,0.05005377402622603,0.03993913218963399,0.07419772128083865,8
2016-08-12,0.006064192854738006,0.008786742405600068,0.012410750218324107,0.03814968718694377,0.07224191038523643,0.26119476174030987,0.39326138857695403,0.05411835493968587,0.052374065968016276,0.10139814572419156,8
2016-08-19,0.006120827455156672,0.008653952702875523,0.012331778715576872,0.03768247266599695,0.07119040093894187,0.2582012283293549,0.39930649543717467,0.05293583243599193,0.05220130008003372,0.10137571123889691,8
2016-08-26,0.006060961793917308,0.008706916702416351,0.012590456465818071,0.03790678404871821,0.07004112648051622,0.25736099965955017,0.3997310408133209,0.05375028705170403,0.052417950752288105,0.10143347623175063,8
2016-09-02,0.005992546257977994,0.008658147104225194,0.012392100487554134,0.03752512577994967,0.0700190837353779,0.26134256577028625,0.3964653573180347,0.05371622694521083,0.0527784847529389,0.10111036184844455,8
2016-09-09,0.005605856913313945,0.008010238364123332,0.011631096446878986,0.036493176570867855,0.057107824171886715,0.31607563144870066,0.37406468922462427,0.048918029913407685,0.0478349533376236,0.09425850360857298,8
2016-09-16,0.005645895737618119,0.008133911355507306,0.011761079786227943,0.03683684283079595,0.05681871411375701,0.31657646957298957,0.3717576213278996,0.04904544577383091,0.049408433904705215,0.09401558559666837,8
2016-09-23,0.005645895737618119,0.008133911355507306,0.011761079786227943,0.03683684283079595,0.05681871411375701,0.31657646957298957,0.3717576213278996,0.04904544577383091,0.049408433904705215,0.09401558559666837,8
2016-09-30,0.005592622035357996,0.007983279298829214,0.01164960866675949,0.03655976046334508,0.05664889064711765,0.3180178050640615,0.3729249371614857,0.04893774842220894,0.048368355123029436,0.09331699311780484,8
2016-10-14,0.0052112196312132375,0.007992970851111773,0.011101627667674654,0.03241198045867348,0.04865035752938327,0.3558009870707139,0.3736111076926558,0.04674221068818562,0.04408487391050314,0.07439266449988484,8
2016-10-21,0.005218318051839648,0.008006245150257782,0.011312114972440657,0.032195432569601425,0.0486595899217698,0.35748938977904177,0.3691753935950163,0.04711204139430333,0.046055795648822756,0.07477567891690658,8
2016-10-28,0.00527019326632074,0.008065531311555284,0.011568861425310231,0.032322851397651925,0.04870891731807965,0.35583624624705396,0.3700001586818267,0.04721938721191704,0.04600431850461276,0.07500353463567178,8
2016-11-04,0.005210872197134425,0.007916560288706811,0.011177252586691028,0.03252394422012875,0.04752409443549848,0.37387108045985956,0.35942922401786304,0.045014556430968924,0.04585797983813483,0.07147443552501398,8
2016-11-11,0.00515349633651897,0.007966511544097273,0.011212084333191853,0.03252129214766254,0.047364474033346426,0.37361057679049675,0.36112157466292505,0.0447598014450108,0.04509483834767607,0.0711953503590743,8
2016-11-18,0.005278082573280663,0.00834536157455816,0.011383855070003234,0.03245252782174359,0.04721937250452816,0.3694522996939207,0.36433566071124185,0.044605445699830736,0.045572861491027204,0.07135453285986564,8
2016-11-25,0.005231175990224429,0.008282678511439061,0.011513539052458097,0.032472002278846966,0.04691829081447874,0.36911104705495446,0.36393503119586634,0.04456334470847868,0.046251468567108385,0.07172142182614485,8
2016-12-02,0.006406188769982578,0.011480755582520631,0.015637274090638045,0.053907964934161993,0.05039192761568021,0.2561662468340006,0.4065915100033868,0.0628593729081418,0.059929357070716824,0.07662940219077063,8
2016-12-09,0.0063362375714967585,0.011405904387757742,0.01595105694391509,0.05436592485234846,0.0505701574121145,0.25542820685193657,0.404197176135059,0.06244644106873861,0.06162648368069085,0.07767241109594238,8
2016-12-16,0.00635217250569823,0.011609152167295652,0.015753404129129633,0.0543659995991429,0.05134672877996342,0.25497540495022647,0.4052399739535631,0.06217300089302583,0.061397414519578586,0.07678674850237624,8
2016-12-23,0.00653279304301717,0.011629369610219133,0.0157263413356509,0.054321213043818366,0.05225240012639917,0.2561889306139127,0.40235856352449395,0.06165145899014573,0.06147154577488909,0.07786738393745371,8
2016-12-30,0.004622740045765801,0.00863952209700812,0.012104848337210206,0.03511003721932536,0.0490145170271096,0.39563044303415595,0.32972207913801,0.041368294956527676,0.05307050058303905,0.07071701756184819,8
2017-01-06,0.004521963702127464,0.008547749869106018,0.012009155041613494,0.03488275745003554,0.04931828884486461,0.3972013127100909,0.32951932758023783,0.04101802367082122,0.05277627950156364,0.07020514162953927,8
2017-01-13,0.0046814977390793175,0.008730095864400359,0.012194558235570946,0.03506608167018953,0.05006167660057183,0.3953686312147236,0.3288451162871001,0.04117097543708192,0.053336227594850114,0.07054513935643231,8
2017-01-20,0.004680610082078259,0.008694606750233652,0.012138842720770588,0.034764375551754746,0.04947208332474148,0.39231545184735395,0.33446231481257277,0.04076792774338983,0.05175528448181524,0.07094850268528947,8
2017-01-27,0.0058627692429484846,0.008150514687326721,0.011680450325781105,0.021907806620537512,0.040133889929100566,0.5195434456809263,0.26448342823665405,0.025911633366414347,0.04058105960143196,0.06174500230887909,8
2017-02-03,0.0058627692429484846,0.008150514687326721,0.011680450325781105,0.021907806620537512,0.040133889929100566,0.5195434456809263,0.26448342823665405,0.025911633366414347,0.04058105960143196,0.06174500230887909,8
2017-02-10,0.005886506198999118,0.008328614962839148,0.011690312412175401,0.021905427828019613,0.03975193763848632,0.5229304081271833,0.2618921958954941,0.025796731553493206,0.04055278733768262,0.0612650780456272,8
2017-02-17,0.0059331853928707495,0.008475581074914302,0.011946433903329706,0.021941458366917743,0.040098715432513636,0.5199388372507656,0.26282678906136436,0.025847100089276244,0.04117803398483346,0.061813865443214155,8
2017-02-24,0.005494266053422632,0.00802302137934538,0.011221506565093659,0.021752295936593516,0.0412610449955724,0.49337849302410464,0.2826039634904738,0.021813653808692435,0.04023883959516717,0.07421291515153444,8
2017-03-03,0.005367865535351197,0.007947945843507645,0.011131173285220746,0.021775080646419965,0.04156347445657972,0.4983797306913576,0.2784305039802072,0.021887694764054222,0.04057571182439971,0.072940818972902,8
2017-03-10,0.005349424151361152,0.007999512598078818,0.011170959167904787,0.02202297814344027,0.041517547948293876,0.49821326362804136,0.2772995283311293,0.022092865909524122,0.04114780032526274,0.07318611979696356,8
2017-03-17,0.005231422965605354,0.007941085319812899,0.011075747329667958,0.022175852068990493,0.04191927179115616,0.4983152891152648,0.27637710346312344,0.022257225340736323,0.04224495012934851,0.07246205247629406,8
2017-03-24,0.005595750323959252,0.008016442629825232,0.011333567097013178,0.020433271723627328,0.027088844841719056,0.5092259190839892,0.28251850228837994,0.021700498317836867,0.050576354680832235,0.06351084901281778,8
2017-03-31,0.005615269737437686,0.00788774484251909,0.011421419418806655,0.02051660472197881,0.027527984149728974,0.516689662197428,0.27547846280222316,0.0216149717429739,0.05055372729652261,0.06269415309038098,8
2017-04-07,0.005691490371395963,0.007860756251073622,0.01136807738560636,0.020464034318462394,0.02747044564055815,0.5146722166612261,0.27809447041360474,0.02138511126235894,0.05003501529312579,0.06295838240258793,8
2017-04-14,0.005773625708330343,0.008076693567657757,0.01171463529997927,0.020498818183823087,0.02734415351401563,0.5128710335899255,0.27761067248398896,0.021612154075845165,0.05006505098132945,0.06443316259510477,8
2017-04-21,0.006794742590578544,0.009097441420118799,0.013079438493126136,0.020172127930610753,0.0354943489464509,0.5493842726945982,0.2005883115460642,0.017729716712300433,0.03694476066980243,0.11071483899634954,8
2017-04-28,0.006503132203508273,0.008657670892440565,0.012769255296467542,0.02011606667957674,0.03616711272206325,0.5581155330113906,0.196983783151654,0.01747488659208463,0.036766211867242604,0.10644634758357167,8
2017-05-05,0.006466049464440801,0.008633046453625965,0.012552605297356245,0.020083538282746772,0.0360579613087298,0.5541647027854993,0.19963715733275195,0.01783382039871795,0.03683195033107923,0.10773916834505187,8
2017-05-12,0.0063207545136679,0.0085540515045398,0.01254258722937313,0.02033565705977431,0.03626844940254169,0.5555602520557686,0.19807064538516053,0.017857465785815426,0.03663671389665167,0.1078534231667069,8
2017-05-19,0.005923859920613568,0.00834361223179543,0.011767502444620895,0.02101686003968313,0.03802027711173689,0.5319636781819748,0.24771749441232824,0.019943949603953112,0.042952478124389064,0.07235028792890501,8
2017-05-26,0.00600164895812229,0.008322005547423222,0.011597280542849808,0.020950924642794064,0.03877919406638092,0.5364580785610022,0.24174194184661538,0.020229503259371524,0.043389861542365175,0.07252956103307542,8
2017-06-02,0.006033266856880095,0.008160819742997217,0.01138104714797089,0.020842299816599148,0.03881627291562966,0.5293998661373759,0.2511320258632383,0.019629895523737333,0.042714153087563204,0.07189035290800831,8
2017-06-09,0.0060166711103262814,0.008017135391890697,0.011389650799469835,0.020830641966942245,0.038542682765055236,0.528802329358322,0.2515923389436531,0.01954883267884717,0.04271101102497256,0.07254870596052077,8
2017-06-16,0.004091675848605578,0.006536344064997368,0.009918031784854967,0.031263371459235356,0.08322040239823345,0.42331865743396335,0.2855542986647772,0.027963894581252813,0.06516052302849104,0.062972800735589,8
2017-06-23,0.004110802894571648,0.006716116911195524,0.009911740915472533,0.03132595589408672,0.08271876976313212,0.4256481627424966,0.2826849061035319,0.02804492415947785,0.06621390889060362,0.06262471172543134,8
2017-06-30,0.0040497714746614176,0.006670243378240448,0.009796044223048828,0.03174590550122322,0.0836148678269692,0.4204469352477646,0.28715540058226346,0.027891527719222976,0.06649127526469634,0.06213802878190964,8
2017-07-07,0.004055332012033955,0.006766021441003623,0.009800336571702649,0.031648446248261505,0.08404748113324963,0.4216536132146874,0.2859434656291684,0.028084495921921897,0.06669980562384285,0.061301002204128145,8
2017-07-14,0.004586273314439178,0.010651884472191148,0.01316899252334744,0.06970097610299564,0.07287575338062509,0.22891321981815693,0.34344427086200746,0.05309202544746335,0.13246890195159144,0.07109770212718235,8
2017-07-21,0.004560449493063789,0.010589209982376016,0.013059349221568988,0.06912344117725154,0.07299965822556514,0.2238213217407739,0.35466111050868393,0.05131642085781242,0.12968220860526955,0.07018683018763464,8
2017-07-28,0.004757550286271821,0.011116303701609787,0.01319223941860266,0.0687241964501272,0.07409508156342148,0.2201097247191482,0.357505363276336,0.050809068695622205,0.12905019584128652,0.07064027604757406,8
2017-08-04,0.0046617972075500775,0.011226495164308044,0.01319051105832015,0.0684798410557691,0.07510097781488681,0.21933916934506067,0.3568706498193365,0.05150826582505628,0.1287046496141849,0.07091764309552738,8
2017-08-11,0.0059365345009383536,0.016322894958271855,0.01702648470424667,0.07346531608688218,0.11763649916902542,0.15301635246786008,0.37492981354241234,0.05676909256570962,0.1154071564614728,0.06948985554318064,8
2017-08-18,0.005809522265583506,0.015894139368645047,0.01691531025763589,0.07366258083608465,0.12231742997602844,0.15736698025403625,0.3634948320837147,0.057309940752901495,0.11757741865874244,0.06965184554662755,8
2017-08-25,0.005771415653014555,0.015724451738827788,0.017004769532317207,0.07311420252484965,0.12111782728736167,0.15619426529526365,0.3630259383048469,0.05966675985714963,0.11906665001799079,0.06931371978837823,8
2017-09-01,0.005740335726373574,0.015713758183192976,0.016734024613870264,0.07305170930236146,0.11900379613320801,0.15352837834534475,0.3713945095479944,0.0585393993436562,0.11832453107599832,0.06796955772799992,8
2017-09-08,0.005543429581003553,0.016085028811437016,0.01618360348200011,0.05905861614220808,0.1650507165012842,0.15326241486175315,0.35803341201876676,0.055226152509877176,0.1104995805701212,0.06105704552154882,8
2017-09-15,0.00548974485144934,0.0161401352211786,0.016347716334385372,0.059167817285364,0.1615258594266945,0.1551490108236106,0.3587574390599985,0.05591931038220411,0.11096556582991703,0.060537400785197995,8
2017-09-22,0.005341955719038951,0.015989494012070612,0.016435806987050647,0.05989544755251398,0.16586170047494028,0.1541194442308649,0.3569135617269447,0.05521302839995186,0.11040471406739043,0.05982484682923379,8
2017-09-29,0.005301932235142689,0.01559025899930483,0.01608832477466951,0.060365120091520126,0.16831190290646267,0.15251293486394407,0.35410003300762494,0.05450411548133143,0.11436590338423361,0.058859474255766105,8
2017-10-13,0.0037833715434670775,0.01137532032954347,0.013684055112539492,0.05248434964808696,0.24017009664038352,0.13035070372243843,0.3225424946182527,0.05184678516047205,0.12429516949228181,0.04946765373253454,8
2017-10-20,0.0036330783910161714,0.01103079954906485,0.013556121099607585,0.05305096399144603,0.24421106599777745,0.13217794780049597,0.31831949696422085,0.0525141033621621,0.12257069267698747,0.048935730167221594,8
2017-10-27,0.0035770264570373408,0.010876021544716384,0.013443407316648353,0.05273204769098291,0.24881311439129053,0.1340427442637133,0.3176640754040674,0.05127774053227413,0.11897686687740351,0.04859695552186629,8
2017-11-03,0.0026028406919270664,0.008136087866434619,0.010633714974938382,0.037103519384061784,0.3855915761780569,0.0888680149144184,0.2701327475934393,0.0434015604404443,0.1245626626531841,0.028967275303095175,8
2017-11-10,0.0025861028682967035,0.007943332344521737,0.010579160725715513,0.03641933806216401,0.38447903186619736,0.08906132441207937,0.26932522408380083,0.043956103625983255,0.12688828526066515,0.02876209675057615,8
2017-11-17,0.0025358168237206483,0.007787201439590592,0.010319746981496774,0.036663541331915,0.3871990569532905,0.08769293525190973,0.2629638406702307,0.04459545792428559,0.13215512193693005,0.028087280686630446,8
2017-11-24,0.0024922683782851365,0.007555965965365798,0.009993126177524814,0.035823595257207984,0.3862422332107972,0.08659378397961699,0.27024756786666726,0.04276558071013687,0.13064365472316525,0.0276422237312328,8
2017-12-01,0.00287615279009229,0.006768487711576968,0.00785688610098749,0.017181551780889162,0.42046012853283316,0.04493311598552634,0.25187167751248923,0.03075197027732751,0.20157252027856698,0.015727509029711012,8
2017-12-08,0.0029743223139886946,0.007096447527943393,0.008068681808936945,0.017205000568377874,0.4193159074123926,0.04601009132902961,0.2518168840635398,0.03163720524339389,0.19986713472566428,0.016008325006732823,8
2017-12-15,0.002895515834052133,0.006851065884426205,0.007940521670252804,0.016978165502274312,0.4242371944943339,0.0457319175202058,0.2511051611912109,0.031460027376359175,0.19702276795047893,0.015777662576405654,8
2017-12-22,0.0028153102260217006,0.0067469770582594445,0.00783480781889251,0.017045395258562187,0.4376669604281519,0.04567539899102841,0.24205298180207865,0.031012284474284713,0.1936378455607962,0.01551203838192429,8
2017-12-29,0.006725025743832991,0.011105797908255888,0.013129267325601754,0.02091719013602196,0.5925427901964158,0.053440861040917456,0.13199902827567964,0.03955970769103636,0.10470252917030454,0.02587780251193368,8
2018-01-05,0.0068416850163116405,0.0114540276547921,0.013276501085484645,0.0211621097105577,0.5934507564451391,0.05368337628420832,0.1324400203146691,0.03925444365968858,0.10263333379084386,0.02580374603830505,8
2018-01-12,0.007059642736577045,0.011593216872861075,0.013181331438441468,0.02105510913488027,0.5970457418983817,0.05273549898683785,0.13208048027034472,0.03850120058480672,0.10107848797051312,0.02566929010635619,8
2018-01-19,0.006924414891698213,0.011201702469925577,0.012607429584517844,0.02105035537230757,0.6069875710777722,0.052141791661373796,0.13148125009990555,0.037829007224251046,0.09500645412720388,0.024770023491044294,8
2018-01-26,0.007688883133919244,0.012719169798077051,0.014119133777213827,0.02116595436891093,0.6520764866939797,0.028642632309413885,0.13146827691370194,0.0393539577812427,0.0674549362793837,0.02531056894415694,8
2018-02-02,0.00781694573499225,0.012776378689744414,0.014207603698671181,0.02182743653276452,0.6543095982562813,0.028434718128312726,0.13080349556934895,0.03954376265070723,0.06514384991460594,0.02513621082457151,8
2018-02-09,0.008426481336922448,0.013232376579693181,0.014065128896693162,0.021893392824870232,0.6532224453110616,0.02824413114407744,0.13387282227385577,0.038296440259952554,0.0634817779383358,0.025265003434537643,8
2018-02-16,0.00794243955106984,0.013046594033552381,0.014111220637537463,0.022006593827738133,0.6514203665639242,0.028848841135802362,0.1301761664832821,0.03938900087487398,0.06685802352519081,0.02620075336702869,8
2018-02-23,0.006718226379838682,0.012564073855999225,0.012753583116991651,0.025645094969189847,0.6144210484913664,0.02826452622204552,0.15789898755306098,0.036967209317751486,0.0748560223394768,0.029911227754279263,8
2018-03-02,0.006606269519469499,0.012791797722638628,0.012516544436514747,0.025539737442698163,0.6205481562426503,0.028094882496570973,0.1549140526564133,0.036612867284396784,0.07379191246250968,0.028583779736138005,8
2018-03-09,0.006465134618880996,0.012883081834596575,0.01295598388205498,0.026086892918591755,0.6119704524326411,0.029016611737450685,0.15298598452290624,0.039920078273744296,0.0779634098563801,0.029752369922753232,8
2018-03-16,0.006365594912972186,0.012634219186418109,0.012987188562162187,0.026356946376122636,0.6070331341452686,0.030334478231553868,0.1541242003625587,0.04111401401268276,0.0787567548294967,0.030293469380764305,8
2018-03-23,0.007289958430009298,0.01394627141575086,0.014644662134422143,0.02985992102725292,0.66138546309885,0.02818357780186674,0.11564926764267097,0.04155700748580853,0.06110869944006963,0.02637517152329892,8
2018-03-30,0.00739770940291253,0.01357450381696749,0.014690157498863167,0.029415445857840047,0.6612804538981003,0.02944947898387091,0.11717029577766534,0.04091524101164019,0.0592757689756595,0.026830944776480434,8
2018-04-06,0.007320859688654561,0.014011257509821233,0.015157323398023477,0.029368753153510424,0.6528147671515137,0.0310266943319546,0.1163183663684809,0.044108618195524314,0.06270823161608091,0.027165128586435973,8
2018-04-13,0.007320859688654561,0.014011257509821233,0.015157323398023477,0.029368753153510424,0.6528147671515137,0.0310266943319546,0.1163183663684809,0.044108618195524314,0.06270823161608091,0.027165128586435973,8
2018-04-20,0.0072050843873657094,0.014227229992525028,0.015084054153495063,0.021710923646919136,0.6207011535474756,0.05663933086125525,0.1344257901759213,0.04507759558277702,0.05763318852717473,0.02729564912509104,8
2018-04-27,0.007238326171461429,0.014028807654126922,0.01494859460927512,0.021401218148614964,0.6263032589985571,0.05666855914889476,0.13183948023971825,0.04446043169564526,0.05615721176389292,0.026954111569813182,8
2018-05-04,0.00732028741515811,0.01402533698058479,0.015147714870992205,0.021346848320323002,0.6226559068475563,0.058846200215307634,0.13281798429278532,0.043776940771703084,0.05680297189522187,0.027259808390367617,8
2018-05-11,0.007221382364671662,0.013911616834203265,0.014976603862473814,0.021420099823161825,0.6260162384234124,0.05932961321879882,0.13055488712125318,0.043610249604221704,0.05593692714007805,0.027022381607725358,8
2018-05-18,0.009063050217966884,0.01631962541507387,0.016495655865291475,0.020042308363144676,0.6876107120639059,0.055898263459880256,0.10270314169912022,0.03438869180859818,0.03131562935757579,0.02616292174944282,8
2018-05-25,0.00927332499942769,0.016138269036462236,0.01620674986914847,0.01989698801824414,0.6904627915119232,0.05653959370334639,0.1009226078932088,0.03395171381132219,0.030437303020247775,0.026170658136669224,8
2018-06-01,0.008897911052968381,0.016000770884784608,0.01613722692337191,0.019941755930753972,0.6880372348118423,0.05925554667535745,0.0997199618996396,0.033851540414444665,0.031122696157116533,0.027035355249720616,8
2018-06-08,0.00855557978856799,0.015128982512454382,0.015230888284775885,0.01973332220018171,0.7035959965670586,0.055324955944885915,0.09555548319460316,0.0318121393225528,0.02921802578864262,0.02584462639627691,8
2018-06-15,0.010022727562588735,0.017494442843038027,0.016140886176108205,0.020093485674141112,0.7059566505883054,0.05600539163740529,0.08312372757784744,0.027673767407261046,0.03313510776196046,0.03035381277134415,8
2018-06-22,0.010139025563979262,0.017468506580556285,0.016031124128170298,0.020124044459140046,0.709265023849771,0.05396102342673243,0.08498431653374793,0.02678652348143151,0.030418650883916282,0.030821761092554963,8
2018-06-29,0.010127003829017659,0.017111319277002674,0.015778803222211743,0.01991905643847586,0.7145176757003932,0.0551939719252087,0.08421617825087126,0.025369971422677398,0.02772589833919636,0.03004012159494509,8
2018-07-06,0.010472850249714408,0.01733469389376563,0.016138412914404574,0.020212799503416097,0.7085005394535285,0.05649813645721519,0.08357716559787835,0.027381142472658437,0.02907280484887274,0.03081145460854599,8
2018-07-13,0.01082554703055677,0.019300403067777527,0.016960801868444057,0.021263841469093284,0.6785690329983549,0.05314157903328496,0.10583890881403407,0.029204207667554313,0.025517973126479798,0.03937770492442025,8
2018-07-20,0.010382784793746602,0.019470784735533514,0.0164631980853409,0.020823272176003757,0.6824585635950243,0.05425021696637577,0.10317574247743755,0.02932156925757491,0.02570220069729422,0.0379516672156684,8
2018-07-27,0.010475688304764788,0.019559237294709146,0.01661747768185941,0.020887733922999085,0.6754408863171076,0.05364744798839276,0.10621660838902175,0.02995108882775164,0.02677424809315082,0.04042958318024305,8
2018-08-03,0.01082115331135879,0.020101356476414225,0.01712805582282716,0.02080823610730973,0.6753701419076731,0.0516452417193731,0.10733106643860696,0.02958165246488362,0.026903865778713537,0.04030922997283982,8
2018-08-10,0.01015286137914527,0.020246170913712322,0.01654862917163244,0.01602925735180674,0.6215509648163006,0.03906019577453783,0.1658231259316707,0.02404723380445687,0.0259067270937208,0.06063483376301643,8
2018-08-17,0.010326713974744571,0.02015056895053929,0.01668331901883878,0.016111213245928926,0.6192780848257103,0.03890393782438376,0.1679382006591754,0.024739054701118333,0.026926110381537503,0.058942796418023025,8
2018-08-24,0.010696008394901382,0.020344037692214413,0.016929787954519004,0.016120836121295324,0.6101131185697461,0.03898932306498759,0.17174501957696095,0.02509240761094746,0.028744934815506835,0.061224526198920874,8
2018-08-31,0.01059643592363716,0.019993836870405873,0.016574425190807922,0.0157879743680785,0.6107926769130293,0.0387094353600563,0.17444324420096843,0.024865223948300607,0.028359377464665977,0.05987736976004992,8
2018-09-07,0.010162932109149897,0.01866287161978465,0.01439905470179402,0.014314341278616735,0.569667338156835,0.05908048509020704,0.19184574204202548,0.024807900418587797,0.03065075911707888,0.06640857546592058,8
2018-09-14,0.010481811851914009,0.01851911055086728,0.014508491807997586,0.01419270648557502,0.5661890547944153,0.06002682377849726,0.19345443708860838,0.02496004089655441,0.03025441544234184,0.06741310730322884,8
2018-09-21,0.010769918407000105,0.018229858658916947,0.01456420754559305,0.01428048923462175,0.5678869582406431,0.057258263833945354,0.1951481544713886,0.023826528655689103,0.029546528215535287,0.06848909273666658,8
2018-09-28,0.010550619906296002,0.017896259261161368,0.014229145917594254,0.013998345413437616,0.5763464835000681,0.055552612551556,0.19430521825882735,0.023056269027077088,0.02822895331490056,0.06583609284908148,8
2018-10-12,0.011771617858538266,0.018936075916749284,0.01519338619654749,0.012708257972215545,0.5801768059847003,0.03705815047867875,0.2018410285399077,0.021947104155867564,0.027702128735223076,0.07266544416157206,8
2018-10-19,0.012390997227212501,0.018994904953575444,0.015021661141020147,0.012620405027098299,0.5823753267219988,0.03645037266556031,0.20329814809675406,0.02071516292258704,0.025744298808572236,0.07238872243562115,8
2018-10-26,0.011894710346276918,0.018149394724139893,0.014782502178157832,0.01243557912410458,0.5802178186242777,0.035051875994667886,0.20790010234367887,0.020964591307765512,0.02615261526861957,0.0724508100883112,8
2018-11-02,0.009885855859608036,0.01970160034452205,0.014116389298302542,0.014112563350822574,0.4751497825574006,0.045135404096680744,0.31042726711577096,0.023188428349550108,0.034201599711893564,0.054081109315448905,8
2018-11-09,0.00963629639998132,0.020110640691769203,0.014473779982595377,0.01420067846419362,0.4709836998318553,0.04724696892314648,0.3101343958261871,0.024406198879958717,0.03459551115539225,0.05421182984492062,8
2018-11-16,0.009757251728217077,0.019987008472843924,0.014585551940172366,0.0141447007531568,0.47123861046148535,0.04798615437722191,0.3070438606074331,0.024299798346999274,0.035806699351965864,0.05515036396050439,8
2018-11-23,0.00940361170335732,0.019976534160171353,0.014903706377985796,0.014320658876516373,0.46755137179965817,0.047672556078019034,0.3074397973631514,0.025508774130230557,0.0370042297500708,0.05621875976083912,8
2018-11-30,0.00797082134655562,0.01832914282448582,0.013848417566774712,0.014700612817708625,0.4201624810433625,0.07418988635669209,0.3328206430669526,0.021658751410095475,0.028943664215339122,0.06737557935203353,8
2018-12-07,0.007814368185893837,0.018073570215967123,0.013825416536900087,0.014426339296547413,0.4252914068017669,0.07357920274193636,0.3304370292241918,0.021399231464125232,0.02879044515568312,0.06636299037698816,8
2018-12-14,0.007823591303900515,0.01829665512933559,0.013930740463694824,0.014437716131949118,0.43026916751537914,0.070920070356473,0.32723922251693727,0.021274236093566695,0.028495317057664674,0.06731328343109916,8
2018-12-21,0.00781899473597592,0.01811446201738966,0.013958544943556707,0.014591783127428223,0.43509605550661007,0.0686576852426438,0.32500301404468446,0.021039927195607717,0.02818491058299429,0.06753462260310925,8
2018-12-28,0.008738698854489801,0.018467134433670165,0.014515827423434505,0.013036788670701252,0.4806126890739284,0.027870740702595265,0.2929116489112935,0.020490260695336937,0.029476547820127028,0.09387966341442319,8
2019-01-04,0.008306254203772494,0.01792631511543567,0.014223577206099852,0.012839191443191489,0.4872472462242925,0.027954082869334134,0.28763514714933364,0.019910566421774606,0.02964220894445325,0.09431541042231248,8
2019-01-11,0.008369893506761338,0.018013134638349623,0.014430654088409291,0.012792206307011217,0.480599077791453,0.02705554029215042,0.2958672371480363,0.02015864915038394,0.029404102778472947,0.0933095042989719,8
2019-01-18,0.00847352160031726,0.01800283750817035,0.014427211489087556,0.012962047416964042,0.4854175149584694,0.026618826934388794,0.29132334531018184,0.020492599082033262,0.03057305439979479,0.09170904130059275,8
2019-01-25,0.010754499367372161,0.019282375204059662,0.015904909920526497,0.012578095692608107,0.5106827789335384,0.022727847550103125,0.2785828116323785,0.018940687224417004,0.026523502774915983,0.0840224917000804,8
2019-02-01,0.01057144869885508,0.019040630585487595,0.01572694649920794,0.012577885757918354,0.5116667825473411,0.02221402712067176,0.2802536408831899,0.0189323414167899,0.026331360797756262,0.08268493569278208,8
2019-02-15,0.010523655916582735,0.018729459994802845,0.015534137409710741,0.012458628368429772,0.5133085910911972,0.02207190957345122,0.2816963969899186,0.018747411573108524,0.025551480306301482,0.08137832877649702,8
2019-02-22,0.010975463611253816,0.01874788227083067,0.015752504464861927,0.011738359474412804,0.543714367546611,0.01959030453311711,0.27253104181896276,0.018701788985479667,0.02411680300065351,0.06413148429381672,8
2019-03-01,0.01081787875920323,0.018723521684532028,0.015851678361435695,0.011717921446207712,0.5360099998353011,0.019294249031666533,0.27996827276353475,0.019798190094223463,0.025948645157065353,0.06186964286683031,8
2019-03-08,0.010729750686801104,0.01887664942069069,0.015650136036025088,0.011470000673859235,0.5358718303810386,0.01939430499145214,0.2831260838707442,0.019681175892035753,0.025320889569281357,0.059879178478071685,8
2019-03-15,0.010706414652096792,0.01910315735914471,0.01586804660242781,0.011594690595771232,0.5326767056587304,0.019989222625637217,0.28072764940771644,0.021514826540489067,0.02631544114846075,0.061503845409525595,8
2019-03-22,0.010431912001621038,0.019132822467248622,0.016520489063281657,0.013048797366070411,0.5248568072244969,0.023292642691987137,0.2868504585142236,0.02436593802735315,0.027478579041844815,0.054021553601872725,8
2019-03-29,0.010338944860016191,0.01902333642910535,0.016451944967636516,0.012989460702419206,0.5301208777631761,0.023565623312532757,0.282174432431303,0.024550334823137204,0.026843325619436906,0.05394171909123684,8
2019-04-05,0.009901590627063203,0.018263614741382463,0.015823977137502433,0.012491350147057592,0.5444822393720271,0.023094023540744957,0.2757251250113464,0.023505817451046275,0.025513063165984822,0.05119919880584472,8
2019-04-12,0.009901590627063205,0.018263614741382467,0.015823977137502433,0.012491350147057594,0.5444822393720271,0.023094023540744957,0.2757251250113464,0.02350581745104628,0.025513063165984826,0.051199198805844726,8
2019-04-19,0.013532898066934626,0.019790161627437658,0.017861870863490212,0.013271180138652361,0.589483555048349,0.02288230382651367,0.22411449509936773,0.023642393737767144,0.02575335282993886,0.04966778876154862,8
2019-04-26,0.013877998752619886,0.01952720874622619,0.017762978629407043,0.013678237423484618,0.5878660022189668,0.02234427318644277,0.22580187675063865,0.02350904406119614,0.027711981473556177,0.04792039875746182,8
2019-05-03,0.0132277971022984,0.01857889994833071,0.016835817241637772,0.012774285542031033,0.5994621679954482,0.021965781476745234,0.2206710979310489,0.022896900498247268,0.026605775590596056,0.04698147667361651,8
2019-05-10,0.0132277971022984,0.01857889994833071,0.016835817241637772,0.012774285542031033,0.5994621679954482,0.021965781476745234,0.2206710979310489,0.022896900498247268,0.026605775590596056,0.04698147667361651,8
2019-05-17,0.016830176140107636,0.01921025933502568,0.0191807858701998,0.015191587434874351,0.6753328350159722,0.021482708977933127,0.136946509439532,0.024128241874978557,0.025931919279512827,0.045764976631863845,8
2019-05-24,0.016453566840957886,0.018780176760307105,0.018580779726533353,0.014700632433694153,0.6872326637793342,0.021167517259563597,0.13206731545167044,0.022570347417891694,0.024175451694111304,0.044271548635936346,8
2019-05-31,0.016799109055263935,0.019165266009275,0.018904036472313614,0.014824970530993263,0.6794389089622883,0.02117987539137655,0.13639065963140865,0.022917261608860335,0.024626338921204142,0.04575357341701624,8
2019-06-07,0.016505031006328243,0.019123365807724446,0.018769029722189582,0.014581303630091552,0.682089860918211,0.02078974691260278,0.13457553063824362,0.022860346927791562,0.0245813506359324,0.046124433800884775,8
2019-06-14,0.01827639563042953,0.02052644891704823,0.01997403024319907,0.014769106710566554,0.6891270143532433,0.019822719540707898,0.1249109864645289,0.02206141345508362,0.02331656532185624,0.047215319363336804,8
2019-06-21,0.017846977948058895,0.020317627240183864,0.019737661157057503,0.014545474596141838,0.6908905112839125,0.019025928978276596,0.12597953761050643,0.02157403243349146,0.02323195694980583,0.046850291802565114,8
2019-06-28,0.017803326801327724,0.020247367937025137,0.019893977136448315,0.014639749164346759,0.6868703527874728,0.019311894716789634,0.12919113918062597,0.022334676888139993,0.023405296985186744,0.046302218402636854,8
2019-07-05,0.017600460389957624,0.019972048271172035,0.019558872672502756,0.014478045164437903,0.6925995480664203,0.019368261716080495,0.12650507284934515,0.021920999503392626,0.022908187862531706,0.045088503504159536,8
2019-07-12,0.01794948666024712,0.01952555028493412,0.01924824273238844,0.014982626162861487,0.7028201021111766,0.01940242344947138,0.12030405814432844,0.02260499595073797,0.0226560073842079,0.04050650711964657,8
2019-07-19,0.01767244328840613,0.019093415216368564,0.018862781693436602,0.014719374150548909,0.7065594398457758,0.01929227080965913,0.11986296087894399,0.02192869168907343,0.021895477317324386,0.04011314511046294,8
2019-07-26,0.0178763831744843,0.019297586147032322,0.019209795465506566,0.014585865308804478,0.7027366701000083,0.01908963556483826,0.12206557660988514,0.02239759363319228,0.02182789915514427,0.040912994841104215,8
2019-08-02,0.017861092702438276,0.019042197133023516,0.019568974951468962,0.014782570709932542,0.6985625224339054,0.019383426046930184,0.12295617383357217,0.02352977107961961,0.02280456839903091,0.04150870271007846,8
2019-08-09,0.017161373469934377,0.01769484950108194,0.01917618816048649,0.014499422947089113,0.696429254742281,0.01996044084852143,0.11951188188586007,0.023691241424402973,0.023793573065290848,0.04808177395505157,8
2019-08-16,0.017104286816545935,0.01776938163279584,0.01887371160537149,0.014399307365114137,0.696679454635384,0.020388181820923012,0.12006751832503813,0.0232784622281201,0.023040597616062503,0.0483990979546448,8
2019-08-23,0.016550505316714613,0.017232292136706708,0.018373572413394528,0.014144830071154569,0.7011142491821722,0.020556521294859305,0.11705516583334222,0.024062152554389423,0.023420815640279823,0.047489895556986676,8
2019-08-30,0.016368026882929654,0.017028126361632326,0.018558841391909924,0.014245187384889724,0.7003201378231311,0.020953385452042558,0.11735681125411507,0.024649709748201888,0.023731084419794875,0.04678868928135294,8
2019-09-06,0.017252077563538276,0.018275089371785083,0.0185488047060159,0.014784135043871063,0.7149488465440114,0.022960806125302477,0.10595719520949354,0.023374087691245132,0.023367730445992906,0.04053122729874423,8
2019-09-13,0.01784572334141106,0.018953453450639857,0.01931321058910264,0.015226451737012148,0.7022418119901154,0.023317619483283692,0.11061805289054716,0.025488822841636963,0.026182452552072126,0.040812401124178846,8
2019-09-20,0.01784572334141106,0.018953453450639857,0.01931321058910264,0.015226451737012148,0.7022418119901154,0.023317619483283692,0.11061805289054716,0.025488822841636963,0.026182452552072126,0.040812401124178846,8
2019-09-27,0.017990565555121952,0.01899825379365492,0.01927227516209862,0.015161676775099442,0.7003384249056319,0.023596305984474708,0.11042067811353237,0.026437819722846236,0.02699537663255533,0.0407886233549845,8
2019-10-04,0.01706243471349024,0.017961909147480026,0.017675009648669658,0.014870361761338421,0.6820424864206005,0.023014353437210075,0.13894829709118642,0.026521669920646508,0.02632846265338471,0.03557501520599354,8
2019-10-11,0.017062434713490233,0.01796190914748002,0.017675009648669655,0.014870361761338418,0.6820424864206004,0.02301435343721007,0.1389482970911864,0.026521669920646505,0.026328462653384708,0.035575015205993536,8
2019-10-18,0.017218419286386663,0.017940558092296374,0.01764345200724138,0.014759096454934527,0.6819721624784713,0.02322903449154268,0.14024413708363553,0.02569230432214138,0.025803511419824145,0.03549732436352607,8
2019-10-25,0.01700834097512328,0.01775814965067611,0.017507298070920368,0.014914049993038848,0.6815586856624131,0.02385043421888355,0.14105086655116686,0.025384731700619553,0.025656709924245628,0.03531073325291276,8
2019-11-01,0.018120574610428417,0.017963193696542742,0.01734518819528437,0.015013816744713623,0.7080332176481764,0.02201960188958975,0.11806864572422086,0.025493422358975032,0.026273269183145306,0.031669069948923656,8
2019-11-08,0.01755878713685283,0.017591042954791258,0.016922771532376202,0.015338680964037241,0.7119499947450817,0.02232649726695039,0.1164562540410818,0.025084315559099322,0.025845648565084374,0.030926007234644864,8
2019-11-15,0.0174425274538325,0.017633873389655552,0.01691094463566679,0.015436628878368401,0.7114891513216423,0.022574546199567457,0.11603181996871316,0.02540924897928648,0.026203584330782948,0.030867674842484524,8
2019-11-22,0.017023798363969025,0.01739249892117764,0.016662161179072713,0.015054695198770611,0.7138804773916757,0.02280597786892115,0.11509782085426801,0.025834471609344625,0.025979881937771863,0.030268216675028704,8
2019-11-29,0.02002653854445159,0.01893134162203168,0.017347021858326442,0.015139225756279823,0.7446327491127321,0.024196879390188317,0.07528856456129907,0.026324621325027768,0.02745978812279084,0.030653269706872224,8
2019-12-06,0.020539992168453515,0.019362406598814587,0.017726717529884195,0.015359922234995504,0.7406332813330601,0.02388124488533691,0.07624737318804564,0.026717283476089645,0.028056647770910492,0.0314751308144095,8
2019-12-13,0.02001362141535362,0.019326053719764445,0.01766518210146036,0.015515073325407521,0.7411823226776628,0.023510628732204122,0.07581667456508535,0.027524062809753804,0.02839781552168293,0.031048565131624965,8
2019-12-20,0.020382572225350858,0.019799672668098026,0.018003772212578387,0.015946672223697767,0.7347129576256153,0.02370112397848411,0.07838620666615827,0.028364381486812636,0.029222777244605834,0.0314798636685988,8
2019-12-27,0.019988842384771083,0.02021512120656671,0.016595982613131416,0.017272988318311117,0.7520960056687449,0.027271205097187362,0.05774589116486482,0.03231373064431023,0.030153775704870406,0.026346457197242046,8
2020-01-03,0.02015190855910227,0.02105263136428451,0.01668109735850769,0.017290931228525874,0.7525568104412357,0.027143945337033227,0.05735011334566118,0.03190775114667259,0.029858334218108094,0.02600647700086893,8
2020-01-10,0.020334091591464154,0.02140068176719196,0.016912654052811008,0.017447877796830946,0.7503587468843514,0.027157163612779856,0.05757328865906106,0.032650763985852316,0.030364434967715143,0.02580029668194219,8
2020-01-17,0.0196652853018742,0.020802369723715106,0.01655783147307527,0.017582026636609193,0.7545027733387049,0.027308918031995644,0.05552462902673476,0.03294913592174223,0.03011371136392599,0.024993319181622835,8
2020-01-24,0.019783180085786847,0.02127317616682789,0.01661863738719361,0.016971433843670836,0.7606854215177377,0.025319496539341346,0.052115081841013516,0.030382667722322704,0.030433635871551838,0.026417269024553658,8
2020-02-07,0.019783180085786847,0.02127317616682789,0.01661863738719361,0.016971433843670836,0.7606854215177377,0.025319496539341346,0.052115081841013516,0.030382667722322704,0.030433635871551838,0.026417269024553658,8
2020-02-14,0.019173513021794635,0.02078460069562278,0.016732654111887086,0.01679307315528185,0.7563936582939309,0.02848550832724847,0.05094016717852552,0.033259504713671145,0.031047977515404356,0.026389342986633098,8
2020-02-21,0.019902909025255877,0.020908306487212966,0.016774532550247835,0.015645471215877185,0.7466164664484418,0.03662476534490318,0.05490688466475982,0.032638912083357355,0.02916988324887336,0.02681186893107039,8
2020-02-28,0.01951280064736857,0.020605075208399465,0.017065480026266174,0.015865621536949415,0.744317897385195,0.03572732419139274,0.05470400346046285,0.034696555558629695,0.031035135087292127,0.026470106898043994,8
2020-03-06,0.01925927538443511,0.020329703123642462,0.016943400061963848,0.01570428000385975,0.7446294298552073,0.03607381743625979,0.05451300492462193,0.033530538329359635,0.0324068343370869,0.02660971654356333,8
2020-03-13,0.018815893861961263,0.02025317658676883,0.01671974931044517,0.015309523406603388,0.7514243090728038,0.035793167138866766,0.053231197516908815,0.03166028004263541,0.031128715713253017,0.025663987349753458,8
2020-03-20,0.01872850203797996,0.019115774498351876,0.016492493404440534,0.015067521271322326,0.7456585763352976,0.03213045700012389,0.058134759758105635,0.02964124554978209,0.03764589693087645,0.027384773213719474,8
2020-03-27,0.01885268791439213,0.019102317071945013,0.016422798833035702,0.014748812012820401,0.7458827145343015,0.03310349525915752,0.05718251442689989,0.029582945534016136,0.03689690993145447,0.02822480448197718,8
2020-04-03,0.018396618253257314,0.01866763269456908,0.015942879731046612,0.014333070346872166,0.7521795198013396,0.03404073528152379,0.05665518397789967,0.027530136960823737,0.03435359772295309,0.027900625229714992,8
2020-04-10,0.017891050280594355,0.018035917989648348,0.015424892251114443,0.013589384648376343,0.7613797803693154,0.03329288986110736,0.054182976433816574,0.02687232134627821,0.0323112003930854,0.02701958642666356,8
2020-04-17,0.018573561329446736,0.019757575682901124,0.015412044894815326,0.015338632758751095,0.7548973828808911,0.03733796947010322,0.05005168319176567,0.02858587933008519,0.0323143732876809,0.027730897173559685,8
2020-04-24,0.018554248186729246,0.019958400273036067,0.015744847999374402,0.015506893717077546,0.7527157228668847,0.03800034433145015,0.0502560652574188,0.029345582668695462,0.03233520245132475,0.027582692248008942,8
2020-05-01,0.017808205460542147,0.019380742953484575,0.015304799720200076,0.015202236178463413,0.7607242516154081,0.037258939699972494,0.048251227307589094,0.028113718615216228,0.031089192470397813,0.026866685978726216,8
2020-05-08,0.017808205460542143,0.01938074295348457,0.015304799720200072,0.01520223617846341,0.760724251615408,0.03725893969997249,0.04825122730758908,0.028113718615216225,0.031089192470397806,0.02686668597872621,8
2020-05-15,0.019488166296838708,0.019993644810605962,0.015975974391143045,0.015515269351256161,0.755414981392591,0.03609156211488547,0.05529157471217369,0.026190611766424808,0.030306517858766688,0.025731697305314424,8
2020-05-22,0.019492804937504344,0.01985411331728175,0.015961263168834068,0.01564268684343219,0.7547734108509673,0.03642485820720565,0.054755602861551095,0.026703083036010218,0.03057882565512514,0.02581335112208825,8
2020-05-29,0.019523186092087735,0.019908788466302778,0.015772131478306257,0.01558352260716388,0.7581294122520363,0.03646483860155641,0.054380642111274996,0.02547107215535169,0.029109073780456053,0.025657332455463894,8
2020-06-05,0.019051077302667776,0.019742855522661137,0.015559751704523655,0.01587301453930982,0.76205971170373,0.03642026285316377,0.05372889449372951,0.024716293262407575,0.027443961473753338,0.02540417714405337,8
2020-06-12,0.0188302161844289,0.019309220670581134,0.015811195789888516,0.015823944236465465,0.7557389036386694,0.035781746677201964,0.06262786503160268,0.025183388732342882,0.026781207491279546,0.024112311547539608,8
2020-06-19,0.01862203714463664,0.019243067253387307,0.015832082941740325,0.015979320470347804,0.756457179059077,0.03673773331526062,0.06156242188008207,0.0253733946717455,0.02650761983567403,0.023685143428048644,8
2020-06-26,0.018316042771629987,0.019170782837605545,0.015514823467030899,0.015767398304419755,0.7577252445300827,0.03778696881393802,0.06021258382733665,0.02544585201711476,0.026805164777008058,0.023255138653833652,8
2020-07-03,0.018316042771629983,0.01917078283760554,0.015514823467030897,0.015767398304419755,0.7577252445300827,0.03778696881393801,0.060212583827336644,0.025445852017114756,0.026805164777008054,0.023255138653833652,8
2020-07-10,0.017303124496631295,0.021519706626872193,0.01722379345824767,0.01587619765741799,0.7635601395508024,0.03789522750425085,0.03548100480111817,0.03167434148559252,0.0365947326595823,0.022871731759484606,8
2020-07-17,0.016688036024383814,0.021533920458548454,0.017425723565273207,0.01581326716737711,0.7644960178077149,0.03765057888510391,0.035038564532016044,0.03263829956483943,0.03674794854005536,0.021967643454687793,8
2020-07-24,0.016150897915235066,0.021614290732801564,0.017143451138309066,0.015420014226027956,0.7716077205500278,0.03794073631993734,0.03336144383440722,0.030455594379811015,0.0340740160481809,0.0222318348552622,8
2020-07-31,0.01651413321116324,0.02220296263965829,0.01752135621625758,0.015624106805593127,0.7713836775463793,0.038516058857848756,0.03305301954423011,0.029715261695646034,0.03323727973790418,0.022232143745319177,8
2020-08-07,0.018236300127211696,0.021922069056511465,0.017255541536953647,0.016088650609225832,0.7682869706399549,0.039021709250903994,0.03914323164308933,0.028961288254314085,0.02898242822782182,0.022101810654013065,8
2020-08-14,0.018175975583291416,0.02290405337489717,0.017844132265317475,0.016426792177342896,0.7655331468200862,0.03910406528557284,0.040011805678764,0.028712220755408063,0.029121581262954364,0.022166226796365474,8
2020-08-21,0.01837144603501218,0.021837279487480807,0.017786132262408855,0.01629599439387601,0.7684220659388284,0.03681154617473318,0.04056214517901967,0.028346671984295326,0.02895371056056761,0.022613007983777786,8
2020-08-28,0.018176338203386763,0.021865080187611116,0.01740496663702172,0.01594650340001988,0.771291469688608,0.036247626076041775,0.0401333400970626,0.02763820827783249,0.02813904231187962,0.02315742512053596,8
2020-09-04,0.01979626255717272,0.0229200752661166,0.018334855543278128,0.016472858522561196,0.763252014942393,0.03386055192974041,0.04069877738205695,0.030822094125825428,0.030509798685546853,0.023332711045308777,8
2020-09-11,0.019968194404801187,0.023269402401823153,0.018603732003169463,0.016895622824073083,0.7611681136363394,0.03374468560032196,0.040561656214264365,0.031158477317563035,0.030768065706951776,0.02386204989069245,8
2020-09-18,0.020708538317772657,0.023582016849587332,0.019054378522294677,0.017239372441705095,0.7578646511767103,0.03330226085322535,0.0420852726885528,0.031003471477443405,0.030080790394990675,0.025079247277717688,8
2020-09-25,0.021554247812478184,0.024517203240868597,0.019857781902694917,0.018140171645387823,0.7514424305079397,0.03282394350426062,0.04401772907315359,0.03157140627912193,0.030618838972233532,0.025456247061861153,8
2020-10-02,0.02039269924036373,0.02479621863796974,0.01884679770408612,0.018609393687877784,0.7586045845336847,0.032192186498729,0.039048012040220445,0.031065560278178188,0.031150723023371178,0.025293824355518843,8
2020-10-09,0.020392699240363736,0.02479621863796975,0.018846797704086125,0.018609393687877788,0.758604584533685,0.03219218649872901,0.03904801204022045,0.031065560278178195,0.031150723023371185,0.025293824355518846,8
2020-10-16,0.02010460984079578,0.02445544485574662,0.01910440410887226,0.018429725365435412,0.760593071662426,0.032035682380218186,0.03791455468179527,0.03154244664613789,0.03099907812963578,0.024820982328937015,8
2020-10-23,0.020208515628682786,0.024518932380950553,0.018847616743151233,0.018428811029428328,0.7625702913727821,0.03225844260024754,0.03837981356291787,0.030396761760230644,0.02979137288771265,0.024599442033896492,8
2020-10-30,0.0221380956557478,0.02495431800451578,0.018941364232876616,0.018867253631047562,0.7644060344752506,0.027458035770938083,0.04164334531675652,0.02747566330938691,0.027976816977079516,0.02613907262640064,8
2020-11-06,0.02145545642643255,0.02458653073882489,0.01893503851490381,0.0193200787617829,0.7677960808181041,0.02827111680258433,0.03940783458668412,0.02744564886099626,0.027137253924720894,0.02564496056496617,8
2020-11-13,0.021696836016638594,0.025703285117595658,0.019098353500126126,0.020566638951537708,0.7646909010433659,0.027126455460789123,0.03944172690235693,0.02810059613571264,0.027797422088163107,0.02577778478371433,8
2020-11-20,0.02221559424249884,0.026711117489565697,0.01920274864017999,0.020231891471461656,0.7647028042839724,0.026845629935213906,0.03902300720369409,0.027655579698590196,0.02772010130908106,0.025691525725742168,8
2020-11-27,0.02343660428842602,0.026935557414351635,0.019642239941152967,0.02051506618218364,0.771194433373842,0.024505272124902597,0.03574910668456123,0.025584375776378135,0.026167454662904224,0.02626988955129758,8
2020-12-04,0.02468251206570154,0.026886724281182155,0.019941779656887537,0.020323571557413718,0.7686198817102519,0.023950868977254583,0.03729027189279112,0.025287280014602915,0.0261300414070682,0.026887068436846396,8
2020-12-11,0.023717684743231382,0.0261459100578637,0.019679532683619497,0.019950710622389563,0.772369497705262,0.024846013646846077,0.03662885951644553,0.025305655047122334,0.025568157271108696,0.025787978706111263,8
2020-12-18,0.023583704658704123,0.025588258212158516,0.019303927016515194,0.019335385886451176,0.7788238619346715,0.02442308137420212,0.03503216000878045,0.02447313523988468,0.02449016956403548,0.024946316104596706,8
2020-12-25,0.025571745607985627,0.02630944314861225,0.020840991693221518,0.01926732935887948,0.7756778665652151,0.024065146610385404,0.032552713214158216,0.024652173197096366,0.0243753517242271,0.02668723888021879,8
2021-01-01,0.024892025459601935,0.02678443941661184,0.021685059501136632,0.019380667664831264,0.7759434228382236,0.02441271066616376,0.03154902937609777,0.02453484255327408,0.023765422066648036,0.02705238045741111,8
2021-01-08,0.02489202545960193,0.026784439416611835,0.02168505950113663,0.019380667664831264,0.7759434228382235,0.024412710666163757,0.03154902937609777,0.024534842553274077,0.023765422066648032,0.027052380457411106,8
2021-01-15,0.0227818169189812,0.02656701160093529,0.021212873324948193,0.01900768143061035,0.7886044779067861,0.022907467575449803,0.029374851461770782,0.023701651218834923,0.022141131666033452,0.02370103689564993,8
2021-01-22,0.024620837320667485,0.029619615786474374,0.02350336424029225,0.023857541040206556,0.7426262375317926,0.03145330952106194,0.037264149675213146,0.02838863787466503,0.02797916970641587,0.03068713730321091,8
2021-01-29,0.02429453606611095,0.031017020960004187,0.024438582821973066,0.024139628276240502,0.7394738562576827,0.033823596905607406,0.036580981365748576,0.02880607412457307,0.02769109501117033,0.029734628210889364,8
2021-02-05,0.02342809563300216,0.02980715949142373,0.02352399342344484,0.02350842151016993,0.7484739163190098,0.032071165320177966,0.035878762677835484,0.027070481559614806,0.026102333631882364,0.03013567043343904,8
2021-02-12,0.022479486845403084,0.028947639245072716,0.022526156118347223,0.023354625533175553,0.7585416226240027,0.032474501877103545,0.035211420022605,0.0248167643619632,0.024014908807313322,0.02763287456501369,8
2021-02-19,0.02349438562912541,0.030769310634274807,0.024725952091958478,0.024275031894781057,0.7433228933448681,0.034145188707763535,0.03595559612628771,0.025610864275687838,0.026788194339919254,0.030912582955333882,8
2021-02-26,0.0247188979719238,0.03299786539908056,0.024600257387122643,0.023680959621789146,0.7430685060833796,0.03306735475467461,0.034917946858534436,0.0256089729038171,0.027093456709645303,0.030245782310032922,8
2021-03-05,0.02649388183282763,0.034326215853272925,0.025810183615413332,0.023803904296517204,0.7281575837440508,0.03335856116448644,0.03804931309576954,0.02698913891397495,0.029111016404697255,0.033900201078989944,8
2021-03-12,0.028063035255495167,0.03436725290688348,0.026172974765761657,0.024497488071229024,0.7195045430455193,0.033395301530415776,0.039281766613505964,0.028227659264511384,0.03034932995303535,0.036140648593642744,8
2021-03-19,0.029208253567648598,0.03549026533654828,0.026162466411974436,0.024411575056567658,0.6872497323893458,0.033848684969941104,0.04769166058047645,0.027147190967185153,0.030572231293161785,0.05821793942715052,8
2021-03-26,0.028927137948115324,0.03507941751872886,0.026149143576295036,0.024660701004221828,0.6888594974360117,0.033784297875303765,0.04699206021116323,0.026363363755973587,0.030542961341219487,0.058641419332967154,8
2021-04-02,0.027844195681327684,0.03305347892265235,0.02589095569770245,0.02447546850272822,0.6906978771662889,0.034729778254817274,0.046673617078036425,0.02655296573872626,0.030591544636621993,0.059490118321098455,8
2021-04-09,0.027268635810885903,0.0324293395433131,0.02523969820547196,0.024204893467691484,0.6990162282651774,0.03433805965699336,0.04460856194581284,0.02636449858813206,0.029540676493551393,0.05698940802297045,8
2021-04-16,0.028690027715840456,0.033269315111617966,0.025677723464087775,0.024455948438034003,0.6856257795855147,0.036285027756089605,0.046693275457744876,0.026927342398087264,0.029108421545424375,0.06326713852755858,8
2021-04-23,0.02906638191133709,0.03285765603012434,0.02531717559924065,0.024221098188223763,0.6884076914405275,0.03572045810789307,0.045982034066293254,0.0268944286649088,0.029390866905979293,0.062142209085472154,8
2021-04-30,0.027464205319283886,0.03281052495257589,0.02498268871274281,0.023886834457450018,0.6950910491304108,0.036769001775257416,0.044970421812108044,0.02695713613990417,0.028383798953677916,0.05868433874658905,8
2021-05-07,0.027350651509890703,0.032805023455605604,0.024842019566397394,0.023882135407746703,0.6967351990378681,0.038648418789986316,0.04434731729148649,0.02656167111091305,0.02715497335214601,0.057672590477959695,8
2021-05-14,0.03694103954993654,0.04276313150957158,0.027057512385850108,0.02389981027798957,0.6591962065272462,0.04290709471015752,0.046178877095512244,0.026913610581468225,0.02804091109710119,0.0661018062651667,8
2021-05-21,0.0358953041319427,0.04006234305046087,0.026523591545217308,0.02352645874206211,0.6632557161296232,0.0453002464146117,0.046194806665060456,0.026637361946298687,0.027899785420091337,0.0647043859546316,8
2021-05-28,0.034810949481703636,0.0397475085329715,0.02657839304704271,0.023989882773155554,0.666469690479321,0.04423614402210964,0.04485841624922083,0.02671134101180254,0.027475895093215418,0.06512177930945715,8
2021-06-04,0.03455747216025054,0.039780809830138396,0.026454232785313392,0.02382710737303028,0.6685385202826756,0.04345412763865711,0.04589105460041287,0.02722668350584745,0.02756345782744203,0.0627065339962324,8
2021-06-11,0.03558873392077116,0.03866388065891853,0.027011813332290427,0.023073723349995134,0.674172852133448,0.043106774648299775,0.043563104479519964,0.025679140968634884,0.02785619190974519,0.061283784598376946,8
2021-06-18,0.03810778246506466,0.039727535165970766,0.028269527404244543,0.0238592323167038,0.6630132187181663,0.044126466873326,0.04380486943653468,0.0267188686832104,0.029109491602108812,0.06326300733467008,8
2021-06-25,0.03780218783692844,0.038526898648842046,0.028821975392485155,0.024128397011510608,0.6619223848691076,0.04365792141203371,0.0437094041087766,0.02790692642587254,0.03052069425709165,0.06300321003735167,8
2021-07-02,0.03937200627241576,0.03972348872997964,0.02967819523372613,0.024177390286789818,0.655607929025853,0.044628487026458524,0.04418201410383373,0.02867907193750658,0.030224970888180203,0.06372644649525658,8
2021-07-09,0.039984994349417304,0.03755193869766596,0.031923536926208355,0.02570474882823963,0.6433209495068999,0.04954214831819166,0.04339169090515064,0.029518750779315366,0.02889184843127783,0.07016939325763338,8
2021-07-16,0.04059901262397454,0.041701119525954886,0.03410984499624746,0.026348634017374462,0.630834269338699,0.04868440246308818,0.043803672573279225,0.03125740038347471,0.030098103737767456,0.07256354034014,8
2021-07-23,0.040704985117988736,0.0422379949183708,0.033516593916676996,0.0253832375576425,0.6344846703139363,0.04901417015347593,0.04319907072931453,0.03048953282900231,0.029642293102054667,0.07132745136153734,8
2021-07-30,0.042166526428109245,0.044546744358174614,0.0353264808129652,0.026238730607797228,0.6256658051321247,0.04895191466910106,0.0439752353404633,0.031923719470287416,0.029835118911435917,0.07136972426954129,8
2021-08-06,0.049224610941848615,0.07305423661326507,0.04357776437837744,0.027398506480473053,0.5511398766582349,0.056874376713946864,0.038689569779089994,0.03843438040396601,0.03218312049734772,0.08942355753345034,8
2021-08-13,0.049113757686904944,0.07299262809723478,0.04514717282814066,0.027864174636354367,0.5530954181327284,0.055544948068257605,0.038125462541553745,0.037072427922621304,0.03203585488762455,0.08900815519857955,8
2021-08-20,0.05007023642950778,0.07294497285941778,0.043604688729323555,0.02740832605747149,0.5599180871102011,0.053157344812556455,0.038638142922929275,0.03493307640075239,0.030691369058451427,0.08863375561938869,8
2021-08-27,0.050748878301764895,0.07482171511094395,0.045384529768601786,0.028215394267124487,0.5428588032008881,0.05227954154799514,0.041633467812947,0.03632830178916888,0.03172328082788358,0.09600608737268221,8
2021-09-03,0.055403784158888456,0.0837695665508708,0.048952079223277656,0.02718520803173917,0.5289513440241801,0.03760856508182146,0.03874044017959649,0.034270908742654774,0.028254499749376147,0.116863604257595,8
2021-09-10,0.05901599157066941,0.0822371297948532,0.048069628995126436,0.02624203995556986,0.5240843396299313,0.03569148892971717,0.03930352489331056,0.03222534938975776,0.027815331839195434,0.1253151750018689,8
2021-09-17,0.06253533520800617,0.08566161462958082,0.04761356869423644,0.02603219931742666,0.518599269605271,0.03548165251217364,0.03922219734789771,0.032198308346061175,0.027211848433733928,0.12544400590561253,8
2021-09-24,0.06392367155260564,0.0837140289419647,0.0458623216333774,0.02493839536627273,0.520308010459414,0.036746267498430664,0.037925484850495204,0.03124709356423751,0.0263220013404936,0.12901272479270848,8
2021-10-01,0.05682360058299866,0.06265153522756609,0.03643378396957831,0.01868753141273012,0.5003063966771124,0.030635732035489804,0.027091797507105428,0.027481373787240186,0.021787049551703012,0.218101199248476,8
2021-10-08,0.05682360058299865,0.06265153522756609,0.036433783969578304,0.01868753141273012,0.5003063966771123,0.0306357320354898,0.027091797507105428,0.027481373787240183,0.02178704955170301,0.218101199248476,8
2021-10-15,0.05467582156428584,0.05614241003594284,0.034110112494216915,0.0185674375957063,0.5264991671321518,0.030030077199718085,0.02677973395784702,0.026671591470667565,0.020956112079020543,0.20556753647044299,8
2021-10-22,0.05401076359694505,0.05732303518989303,0.03483743561879492,0.01942825990916031,0.5409838005488165,0.029684537439790354,0.027160702887830172,0.02715107784037863,0.02145873710444219,0.18796164986394887,8
2021-10-29,0.05502497285389849,0.06087901190585824,0.04087266295268091,0.026358590231533474,0.5536786245387776,0.03184782249217298,0.037660429042207046,0.031624150475940166,0.02498346654651116,0.1370702689604199,8
2021-11-05,0.05115741379907826,0.05910397663967573,0.0422584115132038,0.025964335810311084,0.5559927875441196,0.03129554790346115,0.036264418528690744,0.03206110150899407,0.02556765384875373,0.14033435290371185,8
2021-11-12,0.049191216028783735,0.056394446292436756,0.04130433317947803,0.02608571523024634,0.5679138982745852,0.03102416069952365,0.03565120417469511,0.033583811535955105,0.026641734282004982,0.13220948030229118,8
2021-11-19,0.04928621908164931,0.058414626024088916,0.043155772521878466,0.02638266544455322,0.5597869311379583,0.0316176039610821,0.03736441391863133,0.034920260394431676,0.027961089674523074,0.13111041784120353,8
2021-11-26,0.04590561201036815,0.051246713174891094,0.044307488546916685,0.02609659270174336,0.5758843497375526,0.03390289132851394,0.03671058128140377,0.038945491839055595,0.030911920805202886,0.11608835857435174,8
2021-12-03,0.046049770333652644,0.05261946000138978,0.04424770932015445,0.02584305932846379,0.5751035679953362,0.034392049491735716,0.03617028505264426,0.038316837810089634,0.03080817267773007,0.1164490879888034,8
2021-12-10,0.047948900664799995,0.051524370345912944,0.04376400891989183,0.025190921622256536,0.5730515351931053,0.03296998194501767,0.03586381252980589,0.037937377533716704,0.030292060764997936,0.12145703048049519,8
2021-12-17,0.046076089622791874,0.050791310040964203,0.042944303399728094,0.025531080235786534,0.5780115086605337,0.0324767067259394,0.03601100269923677,0.03788655530051286,0.029875949236314998,0.12039549407819145,8
2021-12-24,0.04698152646030253,0.049852923530603464,0.03911359613972514,0.022699192873487414,0.5474487438230893,0.030049156287042397,0.035464495498584464,0.038347000618439854,0.028320652194319458,0.16172271257440596,8
2021-12-31,0.04589748888807355,0.04677432505524714,0.03663309608115343,0.02222233839679328,0.5572762321238949,0.029239519494469273,0.034311330304208236,0.03769312305206619,0.027607302050456965,0.16234524455363714,8
2022-01-07,0.045214369183107915,0.04825333659210876,0.03828097599740065,0.022848718436771862,0.5498382606504508,0.030212805061076705,0.03499434787367205,0.03862382590056031,0.028852464007338163,0.16288089629751282,8
2022-01-14,0.047184652331804355,0.04881348150407773,0.03757960997343159,0.02339509916406785,0.5527130459066153,0.029610772355649618,0.03647783750548301,0.037809533166592434,0.029629662854065576,0.1567863052382125,8
2022-01-21,0.051398416509909194,0.05269355889251473,0.040551162859126126,0.026102865678290274,0.5306834620147831,0.035918749911407574,0.03882148385127749,0.039508262925813366,0.03275309106945637,0.1515689462874218,8
2022-01-28,0.052078946564671325,0.05116651416234791,0.03945785743624136,0.025836601449078327,0.5366053479904003,0.03327031730247438,0.03967498720080324,0.03922690988545428,0.03195499704882512,0.1507275209597039,8
2022-02-11,0.051352760344829454,0.051656956193791924,0.04026132669337407,0.025815655288440608,0.5376625751179628,0.032750895239382384,0.0399353726292149,0.038847804642119614,0.031062449239063445,0.15065420461182075,8
2022-02-18,0.05935557238870654,0.04961814580386197,0.03618220838557274,0.025025156845313604,0.5313638459339474,0.02675836590736691,0.043516168131788165,0.036681221559527626,0.02991670734701861,0.16158260769689659,8
2022-02-25,0.05884271706935667,0.05048818239982592,0.03689565538577607,0.0247144008466563,0.5360964517921013,0.027911135979590187,0.042155360004695885,0.03700769589390302,0.029957722575812324,0.15593067805228217,8
2022-03-04,0.05957647878246856,0.05143791691661737,0.037986734589168125,0.024579764807736063,0.5275317490224731,0.028946534353114898,0.041446684591874436,0.038401027127335015,0.0298353550113755,0.16025775479783688,8
